CPU_time(ms) Kernel GPU_time(ms) TransferIn(ms) TransferOut(ms) Speedup_noTrf Speedup
    0.598016     0     0.000000       0.000000        0.000000           inf     inf
    0.598016     1     0.015968       0.028032        0.013088         37.45   10.48
    0.598016     2     0.011648       0.021152        0.012992         51.34   13.06
    0.598016     3     0.033056       0.046528        0.025856         18.09    5.67
    0.598016     4     0.102400       0.052384        0.027520          5.84    3.28
    0.598016     5     0.040960       0.051072        0.027456         14.60    5.00
CPU_time(ms) Kernel GPU_time(ms) TransferIn(ms) TransferOut(ms) Speedup_noTrf Speedup
    0.500864     0     0.000000       0.000000        0.000000           inf     inf
    0.500864     1     0.013824       0.017184        0.009664         36.23   12.31
    0.500864     2     0.007008       0.019360        0.010336         71.47   13.65
    0.500864     3     0.012704       0.020576        0.011424         39.43   11.20
    0.500864     4     0.081184       0.019392        0.010336          6.17    4.52
    0.500864     5     0.011712       0.019744        0.010880         42.77   11.83
CPU_time(ms) Kernel GPU_time(ms) TransferIn(ms) TransferOut(ms) Speedup_noTrf Speedup
    0.604160     0     0.000000       0.000000        0.000000           inf     inf
    0.604160     1     0.014016       0.017408        0.009984         43.11   14.59
    0.604160     2     0.022240       0.018848        0.010496         27.17   11.71
    0.604160     3     0.009632       0.018784        0.010208         62.72   15.64
    0.604160     4     0.079872       0.019808        0.009984          7.56    5.51
    0.604160     5     0.009440       0.019904        0.010816         64.00   15.04
CPU_time(ms) Kernel GPU_time(ms) TransferIn(ms) TransferOut(ms) Speedup_noTrf Speedup
    0.471904     0     0.000000       0.000000        0.000000           inf     inf
    0.471904     1     0.013920       0.017408        0.010624         33.90   11.25
    0.471904     2     0.008288       0.019328        0.010592         56.94   12.35
    0.471904     3     0.009504       0.019616        0.009888         49.65   12.10
    0.471904     4     0.079328       0.019680        0.010400          5.95    4.31
    0.471904     5     0.033056       0.044640        0.024800         14.28    4.60
CPU_time(ms) Kernel GPU_time(ms) TransferIn(ms) TransferOut(ms) Speedup_noTrf Speedup
    0.425984     0     0.000000       0.000000        0.000000           inf     inf
    0.425984     1     0.042368       0.066336        0.030944         10.05    3.05
    0.425984     2     0.033792       0.046880        0.027232         12.61    3.95
    0.425984     3     0.040480       0.052448        0.028704         10.52    3.50
    0.425984     4     0.102400       0.050848        0.029152          4.16    2.34
    0.425984     5     0.040960       0.050720        0.028640         10.40    3.54
CPU_time(ms) Kernel GPU_time(ms) TransferIn(ms) TransferOut(ms) Speedup_noTrf Speedup
    0.661376     0     0.000000       0.000000        0.000000           inf     inf
    0.661376     1     0.014240       0.018432        0.010784         46.44   15.22
    0.661376     2     0.008608       0.019744        0.009984         76.83   17.25
    0.661376     3     0.036256       0.047680        0.026816         18.24    5.97
    0.661376     4     0.096736       0.044576        0.027360          6.84    3.92
    0.661376     5     0.036864       0.046432        0.025504         17.94    6.08
CPU_time(ms) Kernel GPU_time(ms) TransferIn(ms) TransferOut(ms) Speedup_noTrf Speedup
    0.475424     0     0.000000       0.000000        0.000000           inf     inf
    0.475424     1     0.013888       0.018240        0.012064         34.23   10.76
    0.475424     2     0.008800       0.019296        0.009856         54.03   12.53
    0.475424     3     0.009600       0.019904        0.010496         49.52   11.89
    0.475424     4     0.079808       0.019552        0.009824          5.96    4.35
    0.475424     5     0.009088       0.020736        0.009600         52.31   12.06
CPU_time(ms) Kernel GPU_time(ms) TransferIn(ms) TransferOut(ms) Speedup_noTrf Speedup
    0.270496     0     0.000000       0.000000        0.000000           inf     inf
    0.270496     1     0.014720       0.019072        0.011776         18.38    5.94
    0.270496     2     0.009024       0.020288        0.010528         29.98    6.79
    0.270496     3     0.010240       0.020608        0.010432         26.42    6.55
    0.270496     4     0.086336       0.023776        0.013600          3.13    2.19
    0.270496     5     0.035936       0.044896        0.026528          7.53    2.52
CPU_time(ms) Kernel GPU_time(ms) TransferIn(ms) TransferOut(ms) Speedup_noTrf Speedup
    0.487520     0     0.000000       0.000000        0.000000           inf     inf
    0.487520     1     0.013056       0.020992        0.011328         37.34   10.74
    0.487520     2     0.008288       0.019296        0.010016         58.82   12.97
    0.487520     3     0.008736       0.019616        0.009632         55.81   12.83
    0.487520     4     0.079872       0.019840        0.009632          6.10    4.46
    0.487520     5     0.009792       0.019200        0.010048         49.79   12.49
CPU_time(ms) Kernel GPU_time(ms) TransferIn(ms) TransferOut(ms) Speedup_noTrf Speedup
    1.122560     0     0.000000       0.000000        0.000000           inf     inf
    1.122560     1     0.040000       0.047104        0.029472         28.06    9.63
    1.122560     2     0.033088       0.044704        0.025952         33.93   10.82
    1.122560     3     0.032608       0.044768        0.025760         34.43   10.88
    1.122560     4     0.096800       0.045536        0.024864         11.60    6.71
    1.122560     5     0.033632       0.045056        0.026976         33.38   10.62
CPU_time(ms) Kernel GPU_time(ms) TransferIn(ms) TransferOut(ms) Speedup_noTrf Speedup
    0.446336     0     0.000000       0.000000        0.000000           inf     inf
    0.446336     1     0.014464       0.018432        0.011680         30.86   10.01
    0.446336     2     0.009568       0.019744        0.010720         46.65   11.15
    0.446336     3     0.010240       0.020416        0.011392         43.59   10.61
    0.446336     4     0.081920       0.021248        0.011616          5.45    3.89
    0.446336     5     0.012032       0.021920        0.011776         37.10    9.76
CPU_time(ms) Kernel GPU_time(ms) TransferIn(ms) TransferOut(ms) Speedup_noTrf Speedup
    1.169984     0     0.000000       0.000000        0.000000           inf     inf
    1.169984     1     0.036864       0.046816        0.027776         31.74   10.50
    1.169984     2     0.040960       0.051168        0.027488         28.56    9.78
    1.169984     3     0.042784       0.052480        0.027168         27.35    9.56
    1.169984     4     0.096896       0.045568        0.046752         12.07    6.18
    1.169984     5     0.034272       0.044416        0.024640         34.14   11.32
CPU_time(ms) Kernel GPU_time(ms) TransferIn(ms) TransferOut(ms) Speedup_noTrf Speedup
    0.573696     0     0.000000       0.000000        0.000000           inf     inf
    0.573696     1     0.013952       0.018432        0.009632         41.12   13.65
    0.573696     2     0.009728       0.019328        0.010560         58.97   14.48
    0.573696     3     0.010240       0.019616        0.010656         56.03   14.16
    0.573696     4     0.080160       0.019488        0.010048          7.16    5.23
    0.573696     5     0.009088       0.021152        0.010624         63.13   14.04
CPU_time(ms) Kernel GPU_time(ms) TransferIn(ms) TransferOut(ms) Speedup_noTrf Speedup
    1.200128     0     0.000000       0.000000        0.000000           inf     inf
    1.200128     1     0.042048       0.071136        0.030240         28.54    8.37
    1.200128     2     0.034208       0.046144        0.027648         35.08   11.11
    1.200128     3     0.041440       0.051296        0.028576         28.96    9.89
    1.200128     4     0.098176       0.046240        0.026560         12.22    7.02
    1.200128     5     0.034752       0.046816        0.026496         34.53   11.11
CPU_time(ms) Kernel GPU_time(ms) TransferIn(ms) TransferOut(ms) Speedup_noTrf Speedup
    0.571392     0     0.000000       0.000000        0.000000           inf     inf
    0.571392     1     0.016384       0.022528        0.012352         34.88   11.15
    0.571392     2     0.010272       0.019424        0.010400         55.63   14.25
    0.571392     3     0.011648       0.018976        0.010272         49.05   13.97
    0.571392     4     0.079872       0.019104        0.010048          7.15    5.24
    0.571392     5     0.009728       0.020512        0.011008         58.74   13.85
CPU_time(ms) Kernel GPU_time(ms) TransferIn(ms) TransferOut(ms) Speedup_noTrf Speedup
    0.526368     0     0.000000       0.000000        0.000000           inf     inf
    0.526368     1     0.036864       0.046528        0.029152         14.28    4.68
    0.526368     2     0.031744       0.045440        0.025824         16.58    5.11
    0.526368     3     0.032416       0.044320        0.026272         16.24    5.11
    0.526368     4     0.096256       0.045440        0.025792          5.47    3.14
    0.526368     5     0.032768       0.045536        0.026080         16.06    5.04
CPU_time(ms) Kernel GPU_time(ms) TransferIn(ms) TransferOut(ms) Speedup_noTrf Speedup
    0.530432     0     0.000000       0.000000        0.000000           inf     inf
    0.530432     1     0.038016       0.046240        0.028832         13.95    4.69
    0.530432     2     0.032768       0.043552        0.027360         16.19    5.12
    0.530432     3     0.032256       0.045184        0.026176         16.44    5.12
    0.530432     4     0.096384       0.045856        0.026112          5.50    3.15
    0.530432     5     0.031040       0.045088        0.025216         17.09    5.23
CPU_time(ms) Kernel GPU_time(ms) TransferIn(ms) TransferOut(ms) Speedup_noTrf Speedup
    0.477344     0     0.000000       0.000000        0.000000           inf     inf
    0.477344     1     0.014336       0.020544        0.009536         33.30   10.75
    0.477344     2     0.008928       0.019904        0.010048         53.47   12.28
    0.477344     3     0.011136       0.020608        0.010784         42.86   11.22
    0.477344     4     0.081536       0.021152        0.010144          5.85    4.23
    0.477344     5     0.033408       0.046112        0.027392         14.29    4.46
CPU_time(ms) Kernel GPU_time(ms) TransferIn(ms) TransferOut(ms) Speedup_noTrf Speedup
    0.603808     0     0.000000       0.000000        0.000000           inf     inf
    0.603808     1     0.013184       0.018304        0.010272         45.80   14.46
    0.603808     2     0.009856       0.019584        0.010848         61.26   14.99
    0.603808     3     0.009984       0.019360        0.010784         60.48   15.05
    0.603808     4     0.079872       0.019136        0.010112          7.56    5.53
    0.603808     5     0.008512       0.020096        0.010240         70.94   15.54
CPU_time(ms) Kernel GPU_time(ms) TransferIn(ms) TransferOut(ms) Speedup_noTrf Speedup
    0.446464     0     0.000000       0.000000        0.000000           inf     inf
    0.446464     1     0.014144       0.018432        0.009888         31.57   10.51
    0.446464     2     0.008896       0.019616        0.010688         50.19   11.39
    0.446464     3     0.008768       0.020032        0.010208         50.92   11.45
    0.446464     4     0.081408       0.019616        0.011456          5.48    3.97
    0.446464     5     0.010048       0.020928        0.011520         44.43   10.51
CPU_time(ms) Kernel GPU_time(ms) TransferIn(ms) TransferOut(ms) Speedup_noTrf Speedup
    0.432384     0     0.000000       0.000000        0.000000           inf     inf
    0.432384     1     0.014304       0.018848        0.011552         30.23    9.67
    0.432384     2     0.008800       0.019840        0.010304         49.13   11.10
    0.432384     3     0.009024       0.019968        0.010240         47.91   11.02
    0.432384     4     0.080032       0.020448        0.009824          5.40    3.92
    0.432384     5     0.011392       0.021216        0.011680         37.96    9.76
CPU_time(ms) Kernel GPU_time(ms) TransferIn(ms) TransferOut(ms) Speedup_noTrf Speedup
    0.458592     0     0.000000       0.000000        0.000000           inf     inf
    0.458592     1     0.014336       0.017984        0.011424         31.99   10.48
    0.458592     2     0.008320       0.019552        0.010016         55.12   12.10
    0.458592     3     0.008512       0.019520        0.009120         53.88   12.34
    0.458592     4     0.080576       0.019840        0.009920          5.69    4.16
    0.458592     5     0.008672       0.020256        0.010048         52.88   11.77
CPU_time(ms) Kernel GPU_time(ms) TransferIn(ms) TransferOut(ms) Speedup_noTrf Speedup
    0.360672     0     0.000000       0.000000        0.000000           inf     inf
    0.360672     1     0.014336       0.019456        0.010752         25.16    8.10
    0.360672     2     0.009600       0.020704        0.010816         37.57    8.77
    0.360672     3     0.010112       0.020576        0.009984         35.67    8.87
    0.360672     4     0.081920       0.021088        0.011872          4.40    3.14
    0.360672     5     0.010272       0.021248        0.013088         35.11    8.09
CPU_time(ms) Kernel GPU_time(ms) TransferIn(ms) TransferOut(ms) Speedup_noTrf Speedup
    0.526368     0     0.000000       0.000000        0.000000           inf     inf
    0.526368     1     0.019936       0.018304        0.011456         26.40   10.59
    0.526368     2     0.009056       0.019840        0.010240         58.12   13.45
    0.526368     3     0.009664       0.020096        0.010688         54.47   13.01
    0.526368     4     0.080768       0.020352        0.009920          6.52    4.74
    0.526368     5     0.010240       0.020288        0.011456         51.40   12.54
CPU_time(ms) Kernel GPU_time(ms) TransferIn(ms) TransferOut(ms) Speedup_noTrf Speedup
    0.393216     0     0.000000       0.000000        0.000000           inf     inf
    0.393216     1     0.012928       0.022496        0.010848         30.42    8.50
    0.393216     2     0.010240       0.020160        0.010144         38.40    9.70
    0.393216     3     0.013344       0.021088        0.012352         29.47    8.40
    0.393216     4     0.087264       0.025152        0.013792          4.51    3.12
    0.393216     5     0.012288       0.021440        0.014048         32.00    8.23
CPU_time(ms) Kernel GPU_time(ms) TransferIn(ms) TransferOut(ms) Speedup_noTrf Speedup
    1.190912     0     0.000000       0.000000        0.000000           inf     inf
    1.190912     1     0.040576       0.064512        0.030976         29.35    8.75
    1.190912     2     0.034720       0.044384        0.027104         34.30   11.21
    1.190912     3     0.033152       0.044448        0.026336         35.92   11.46
    1.190912     4     0.097856       0.043744        0.026528         12.17    7.08
    1.190912     5     0.034048       0.045312        0.028672         34.98   11.02
CPU_time(ms) Kernel GPU_time(ms) TransferIn(ms) TransferOut(ms) Speedup_noTrf Speedup
    0.360384     0     0.000000       0.000000        0.000000           inf     inf
    0.360384     1     0.014112       0.020480        0.011520         25.54    7.82
    0.360384     2     0.010048       0.019456        0.009760         35.87    9.18
    0.360384     3     0.010240       0.021152        0.010528         35.19    8.60
    0.360384     4     0.082048       0.021824        0.011872          4.39    3.11
    0.360384     5     0.012832       0.023040        0.013408         28.08    7.31
CPU_time(ms) Kernel GPU_time(ms) TransferIn(ms) TransferOut(ms) Speedup_noTrf Speedup
    1.196704     0     0.000000       0.000000        0.000000           inf     inf
    1.196704     1     0.037888       0.047296        0.028512         31.59   10.53
    1.196704     2     0.032768       0.045440        0.025696         36.52   11.52
    1.196704     3     0.033408       0.044576        0.024800         35.82   11.64
    1.196704     4     0.098016       0.045024        0.025792         12.21    7.09
    1.196704     5     0.034272       0.044544        0.025088         34.92   11.52
CPU_time(ms) Kernel GPU_time(ms) TransferIn(ms) TransferOut(ms) Speedup_noTrf Speedup
    1.237792     0     0.000000       0.000000        0.000000           inf     inf
    1.237792     1     0.038592       0.046784        0.028320         32.07   10.89
    1.237792     2     0.039168       0.049856        0.027168         31.60   10.65
    1.237792     3     0.032768       0.044288        0.026080         37.77   12.00
    1.237792     4     0.096576       0.045152        0.026304         12.82    7.37
    1.237792     5     0.032800       0.044864        0.025408         37.74   12.01
CPU_time(ms) Kernel GPU_time(ms) TransferIn(ms) TransferOut(ms) Speedup_noTrf Speedup
    1.226240     0     0.000000       0.000000        0.000000           inf     inf
    1.226240     1     0.039296       0.047584        0.029472         31.21   10.54
    1.226240     2     0.040960       0.050400        0.028448         29.94   10.24
    1.226240     3     0.041536       0.052256        0.028256         29.52   10.05
    1.226240     4     0.098304       0.046784        0.028416         12.47    7.07
    1.226240     5     0.032768       0.045088        0.025664         37.42   11.85
CPU_time(ms) Kernel GPU_time(ms) TransferIn(ms) TransferOut(ms) Speedup_noTrf Speedup
    0.411648     0     0.000000       0.000000        0.000000           inf     inf
    0.411648     1     0.015072       0.028000        0.012832         27.31    7.36
    0.411648     2     0.010048       0.018304        0.011072         40.97   10.44
    0.411648     3     0.011488       0.019680        0.010368         35.83    9.91
    0.411648     4     0.081920       0.019968        0.010816          5.03    3.65
    0.411648     5     0.011744       0.021344        0.011648         35.05    9.20
CPU_time(ms) Kernel GPU_time(ms) TransferIn(ms) TransferOut(ms) Speedup_noTrf Speedup
    0.452576     0     0.000000       0.000000        0.000000           inf     inf
    0.452576     1     0.013920       0.018144        0.011456         32.51   10.40
    0.452576     2     0.008480       0.019616        0.010048         53.37   11.86
    0.452576     3     0.010240       0.019104        0.009792         44.20   11.56
    0.452576     4     0.080320       0.020064        0.010080          5.63    4.10
    0.452576     5     0.010240       0.020704        0.010784         44.20   10.85
CPU_time(ms) Kernel GPU_time(ms) TransferIn(ms) TransferOut(ms) Speedup_noTrf Speedup
    0.411296     0     0.000000       0.000000        0.000000           inf     inf
    0.411296     1     0.014112       0.018496        0.010272         29.15    9.59
    0.411296     2     0.008768       0.020000        0.009952         46.91   10.62
    0.411296     3     0.010048       0.019264        0.010944         40.93   10.22
    0.411296     4     0.080704       0.020288        0.009920          5.10    3.71
    0.411296     5     0.009472       0.020096        0.011040         43.42   10.13
CPU_time(ms) Kernel GPU_time(ms) TransferIn(ms) TransferOut(ms) Speedup_noTrf Speedup
    0.634880     0     0.000000       0.000000        0.000000           inf     inf
    0.634880     1     0.013728       0.020480        0.019360         46.25   11.85
    0.634880     2     0.008192       0.019264        0.009792         77.50   17.04
    0.634880     3     0.010016       0.018912        0.010816         63.39   15.97
    0.634880     4     0.098304       0.046816        0.026656          6.46    3.70
    0.634880     5     0.034272       0.045952        0.025632         18.52    6.00
CPU_time(ms) Kernel GPU_time(ms) TransferIn(ms) TransferOut(ms) Speedup_noTrf Speedup
    0.470592     0     0.000000       0.000000        0.000000           inf     inf
    0.470592     1     0.014336       0.018432        0.010976         32.83   10.76
    0.470592     2     0.008736       0.019424        0.010016         53.87   12.33
    0.470592     3     0.009792       0.019840        0.009984         48.06   11.88
    0.470592     4     0.080576       0.020224        0.010272          5.84    4.24
    0.470592     5     0.009056       0.020352        0.011360         51.96   11.54
CPU_time(ms) Kernel GPU_time(ms) TransferIn(ms) TransferOut(ms) Speedup_noTrf Speedup
    0.514048     0     0.000000       0.000000        0.000000           inf     inf
    0.514048     1     0.014272       0.018592        0.010944         36.02   11.73
    0.514048     2     0.033408       0.044352        0.025472         15.39    4.98
    0.514048     3     0.034816       0.044416        0.025952         14.76    4.89
    0.514048     4     0.097376       0.043936        0.049664          5.28    2.69
    0.514048     5     0.036352       0.045600        0.024992         14.14    4.81
CPU_time(ms) Kernel GPU_time(ms) TransferIn(ms) TransferOut(ms) Speedup_noTrf Speedup
    0.525504     0     0.000000       0.000000        0.000000           inf     inf
    0.525504     1     0.036992       0.063488        0.030368         14.21    4.02
    0.525504     2     0.032768       0.045280        0.026016         16.04    5.05
    0.525504     3     0.031392       0.045024        0.026496         16.74    5.11
    0.525504     4     0.098240       0.044576        0.026080          5.35    3.11
    0.525504     5     0.031264       0.044992        0.025536         16.81    5.16
CPU_time(ms) Kernel GPU_time(ms) TransferIn(ms) TransferOut(ms) Speedup_noTrf Speedup
    0.537472     0     0.000000       0.000000        0.000000           inf     inf
    0.537472     1     0.014336       0.020608        0.010752         37.49   11.76
    0.537472     2     0.009216       0.020000        0.010176         58.32   13.64
    0.537472     3     0.010048       0.020064        0.010336         53.49   13.29
    0.537472     4     0.082656       0.020448        0.010592          6.50    4.73
    0.537472     5     0.010240       0.021824        0.012672         52.49   12.01
CPU_time(ms) Kernel GPU_time(ms) TransferIn(ms) TransferOut(ms) Speedup_noTrf Speedup
    0.467840     0     0.000000       0.000000        0.000000           inf     inf
    0.467840     1     0.014336       0.018592        0.010592         32.63   10.75
    0.467840     2     0.011168       0.019968        0.009920         41.89   11.40
    0.467840     3     0.009696       0.019648        0.009856         48.25   11.93
    0.467840     4     0.080736       0.019904        0.009696          5.79    4.24
    0.467840     5     0.008544       0.020704        0.010912         54.76   11.65
CPU_time(ms) Kernel GPU_time(ms) TransferIn(ms) TransferOut(ms) Speedup_noTrf Speedup
    0.521824     0     0.000000       0.000000        0.000000           inf     inf
    0.521824     1     0.038848       0.061440        0.028640         13.43    4.05
    0.521824     2     0.052576       0.044416        0.027392          9.93    4.20
    0.521824     3     0.032320       0.044352        0.026336         16.15    5.07
    0.521824     4     0.096384       0.044896        0.025824          5.41    3.12
    0.521824     5     0.033024       0.044224        0.026624         15.80    5.02
CPU_time(ms) Kernel GPU_time(ms) TransferIn(ms) TransferOut(ms) Speedup_noTrf Speedup
    0.495776     0     0.000000       0.000000        0.000000           inf     inf
    0.495776     1     0.015840       0.019776        0.011744         31.30   10.47
    0.495776     2     0.008800       0.019456        0.009600         56.34   13.10
    0.495776     3     0.032608       0.043968        0.025408         15.20    4.86
    0.495776     4     0.104448       0.050528        0.028288          4.75    2.71
    0.495776     5     0.043008       0.051584        0.028736         11.53    4.02
CPU_time(ms) Kernel GPU_time(ms) TransferIn(ms) TransferOut(ms) Speedup_noTrf Speedup
    0.592352     0     0.000000       0.000000        0.000000           inf     inf
    0.592352     1     0.014112       0.021664        0.011104         41.98   12.64
    0.592352     2     0.008448       0.019456        0.010048         70.12   15.61
    0.592352     3     0.008864       0.019456        0.009792         66.83   15.54
    0.592352     4     0.080224       0.019840        0.010080          7.38    5.38
    0.592352     5     0.008576       0.020416        0.010080         69.07   15.16
CPU_time(ms) Kernel GPU_time(ms) TransferIn(ms) TransferOut(ms) Speedup_noTrf Speedup
    0.541344     0     0.000000       0.000000        0.000000           inf     inf
    0.541344     1     0.022752       0.027072        0.011360         23.79    8.85
    0.541344     2     0.012800       0.020704        0.009856         42.29   12.48
    0.541344     3     0.008736       0.020640        0.009632         61.97   13.88
    0.541344     4     0.081920       0.019744        0.009760          6.61    4.86
    0.541344     5     0.010240       0.020192        0.010080         52.87   13.36
CPU_time(ms) Kernel GPU_time(ms) TransferIn(ms) TransferOut(ms) Speedup_noTrf Speedup
    0.498880     0     0.000000       0.000000        0.000000           inf     inf
    0.498880     1     0.014240       0.018432        0.010432         35.03   11.57
    0.498880     2     0.008352       0.018976        0.010880         59.73   13.06
    0.498880     3     0.032544       0.045888        0.027776         15.33    4.70
    0.498880     4     0.098144       0.045504        0.026208          5.08    2.94
    0.498880     5     0.034720       0.045760        0.025696         14.37    4.70
CPU_time(ms) Kernel GPU_time(ms) TransferIn(ms) TransferOut(ms) Speedup_noTrf Speedup
    0.995328     0     0.000000       0.000000        0.000000           inf     inf
    0.995328     1     0.030880       0.049152        0.025216         32.23    9.46
    0.995328     2     0.032640       0.045056        0.025664         30.49    9.63
    0.995328     3     0.032672       0.045568        0.026624         30.46    9.49
    0.995328     4     0.097312       0.045376        0.025664         10.23    5.91
    0.995328     5     0.032896       0.044512        0.026080         30.26    9.62
CPU_time(ms) Kernel GPU_time(ms) TransferIn(ms) TransferOut(ms) Speedup_noTrf Speedup
    0.262144     0     0.000000       0.000000        0.000000           inf     inf
    0.262144     1     0.015360       0.018176        0.011328         17.07    5.84
    0.262144     2     0.008416       0.019936        0.010080         31.15    6.82
    0.262144     3     0.008832       0.019616        0.010528         29.68    6.73
    0.262144     4     0.080384       0.019552        0.010240          3.26    2.38
    0.262144     5     0.008192       0.018464        0.010432         32.00    7.07
CPU_time(ms) Kernel GPU_time(ms) TransferIn(ms) TransferOut(ms) Speedup_noTrf Speedup
    0.544608     0     0.000000       0.000000        0.000000           inf     inf
    0.544608     1     0.038912       0.060992        0.028608         14.00    4.24
    0.544608     2     0.033344       0.045088        0.026368         16.33    5.20
    0.544608     3     0.032768       0.043936        0.026944         16.62    5.25
    0.544608     4     0.097664       0.044416        0.026336          5.58    3.23
    0.544608     5     0.032768       0.045024        0.026080         16.62    5.24
CPU_time(ms) Kernel GPU_time(ms) TransferIn(ms) TransferOut(ms) Speedup_noTrf Speedup
    0.422624     0     0.000000       0.000000        0.000000           inf     inf
    0.422624     1     0.012992       0.023040        0.011392         32.53    8.91
    0.422624     2     0.009824       0.019392        0.010656         43.02   10.60
    0.422624     3     0.009760       0.025504        0.010400         43.30    9.26
    0.422624     4     0.081632       0.019648        0.010048          5.18    3.80
    0.422624     5     0.009760       0.020992        0.010560         43.30   10.23
CPU_time(ms) Kernel GPU_time(ms) TransferIn(ms) TransferOut(ms) Speedup_noTrf Speedup
    0.491264     0     0.000000       0.000000        0.000000           inf     inf
    0.491264     1     0.014336       0.022144        0.010144         34.27   10.54
    0.491264     2     0.008192       0.018368        0.010016         59.97   13.43
    0.491264     3     0.008960       0.019424        0.010368         54.83   12.68
    0.491264     4     0.081600       0.018784        0.010880          6.02    4.42
    0.491264     5     0.008256       0.020160        0.010560         59.50   12.60
CPU_time(ms) Kernel GPU_time(ms) TransferIn(ms) TransferOut(ms) Speedup_noTrf Speedup
    0.405920     0     0.000000       0.000000        0.000000           inf     inf
    0.405920     1     0.013920       0.018432        0.011456         29.16    9.27
    0.405920     2     0.008192       0.018496        0.009760         49.55   11.14
    0.405920     3     0.010240       0.019712        0.009792         39.64   10.21
    0.405920     4     0.100352       0.049312        0.028832          4.04    2.27
    0.405920     5     0.039328       0.048608        0.028256         10.32    3.49
CPU_time(ms) Kernel GPU_time(ms) TransferIn(ms) TransferOut(ms) Speedup_noTrf Speedup
    0.440640     0     0.000000       0.000000        0.000000           inf     inf
    0.440640     1     0.015488       0.023200        0.012704         28.45    8.57
    0.440640     2     0.012608       0.021664        0.012352         34.95    9.45
    0.440640     3     0.011552       0.021120        0.012768         38.14    9.70
    0.440640     4     0.083968       0.022880        0.012800          5.25    3.68
    0.440640     5     0.012288       0.023264        0.014304         35.86    8.84
CPU_time(ms) Kernel GPU_time(ms) TransferIn(ms) TransferOut(ms) Speedup_noTrf Speedup
    0.542720     0     0.000000       0.000000        0.000000           inf     inf
    0.542720     1     0.014336       0.021696        0.011488         37.86   11.42
    0.542720     2     0.008192       0.018496        0.009824         66.25   14.86
    0.542720     3     0.009824       0.019264        0.010208         55.24   13.81
    0.542720     4     0.081920       0.020512        0.010176          6.63    4.82
    0.542720     5     0.008768       0.020416        0.009696         61.90   13.96
CPU_time(ms) Kernel GPU_time(ms) TransferIn(ms) TransferOut(ms) Speedup_noTrf Speedup
    0.594016     0     0.000000       0.000000        0.000000           inf     inf
    0.594016     1     0.012928       0.018400        0.009664         45.95   14.49
    0.594016     2     0.009888       0.018976        0.010464         60.07   15.10
    0.594016     3     0.011136       0.020256        0.010208         53.34   14.28
    0.594016     4     0.081664       0.020224        0.010880          7.27    5.27
    0.594016     5     0.010240       0.019712        0.010176         58.01   14.80
CPU_time(ms) Kernel GPU_time(ms) TransferIn(ms) TransferOut(ms) Speedup_noTrf Speedup
    0.403424     0     0.000000       0.000000        0.000000           inf     inf
    0.403424     1     0.042944       0.066336        0.030240          9.39    2.89
    0.403424     2     0.042208       0.051776        0.030944          9.56    3.23
    0.403424     3     0.038496       0.048448        0.027904         10.48    3.51
    0.403424     4     0.100352       0.048192        0.028384          4.02    2.28
    0.403424     5     0.037696       0.050688        0.028800         10.70    3.44
CPU_time(ms) Kernel GPU_time(ms) TransferIn(ms) TransferOut(ms) Speedup_noTrf Speedup
    0.423392     0     0.000000       0.000000        0.000000           inf     inf
    0.423392     1     0.038720       0.047136        0.030048         10.93    3.65
    0.423392     2     0.033856       0.044992        0.026528         12.51    4.02
    0.423392     3     0.032640       0.045440        0.025696         12.97    4.08
    0.423392     4     0.098304       0.045472        0.025888          4.31    2.50
    0.423392     5     0.033440       0.045216        0.025088         12.66    4.08
CPU_time(ms) Kernel GPU_time(ms) TransferIn(ms) TransferOut(ms) Speedup_noTrf Speedup
    0.429280     0     0.000000       0.000000        0.000000           inf     inf
    0.429280     1     0.014080       0.018432        0.010784         30.49    9.92
    0.429280     2     0.008192       0.018560        0.009600         52.40   11.81
    0.429280     3     0.014400       0.020992        0.011104         29.81    9.23
    0.429280     4     0.083424       0.020320        0.010752          5.15    3.75
    0.429280     5     0.010944       0.020736        0.011616         39.23    9.92
CPU_time(ms) Kernel GPU_time(ms) TransferIn(ms) TransferOut(ms) Speedup_noTrf Speedup
    0.513696     0     0.000000       0.000000        0.000000           inf     inf
    0.513696     1     0.014336       0.018208        0.010816         35.83   11.85
    0.513696     2     0.008896       0.019072        0.009856         57.74   13.58
    0.513696     3     0.010176       0.018944        0.010048         50.48   13.12
    0.513696     4     0.081920       0.019584        0.009376          6.27    4.63
    0.513696     5     0.010176       0.020736        0.009856         50.48   12.60
CPU_time(ms) Kernel GPU_time(ms) TransferIn(ms) TransferOut(ms) Speedup_noTrf Speedup
    0.394464     0     0.000000       0.000000        0.000000           inf     inf
    0.394464     1     0.014880       0.019232        0.012224         26.51    8.51
    0.394464     2     0.009632       0.021088        0.010976         40.95    9.46
    0.394464     3     0.014784       0.023488        0.013536         26.68    7.61
    0.394464     4     0.085920       0.023392        0.013408          4.59    3.21
    0.394464     5     0.013472       0.023232        0.013632         29.28    7.84
CPU_time(ms) Kernel GPU_time(ms) TransferIn(ms) TransferOut(ms) Speedup_noTrf Speedup
    0.411584     0     0.000000       0.000000        0.000000           inf     inf
    0.411584     1     0.015584       0.016768        0.010784         26.41    9.54
    0.411584     2     0.008416       0.019168        0.010656         48.90   10.76
    0.411584     3     0.009472       0.019168        0.010080         43.45   10.63
    0.411584     4     0.097248       0.044576        0.025312          4.23    2.46
    0.411584     5     0.034464       0.045344        0.026112         11.94    3.89
CPU_time(ms) Kernel GPU_time(ms) TransferIn(ms) TransferOut(ms) Speedup_noTrf Speedup
    0.444416     0     0.000000       0.000000        0.000000           inf     inf
    0.444416     1     0.015872       0.020800        0.011808         28.00    9.17
    0.444416     2     0.009696       0.019872        0.010336         45.83   11.14
    0.444416     3     0.010400       0.020480        0.010432         42.73   10.76
    0.444416     4     0.083680       0.020384        0.010752          5.31    3.87
    0.444416     5     0.011520       0.021664        0.011648         38.58    9.91
CPU_time(ms) Kernel GPU_time(ms) TransferIn(ms) TransferOut(ms) Speedup_noTrf Speedup
    1.169408     0     0.000000       0.000000        0.000000           inf     inf
    1.169408     1     0.035776       0.046528        0.028288         32.69   10.57
    1.169408     2     0.032768       0.043296        0.025312         35.69   11.54
    1.169408     3     0.032736       0.045536        0.025056         35.72   11.32
    1.169408     4     0.096608       0.044832        0.025920         12.10    6.99
    1.169408     5     0.033216       0.044640        0.025440         35.21   11.32
CPU_time(ms) Kernel GPU_time(ms) TransferIn(ms) TransferOut(ms) Speedup_noTrf Speedup
    0.338208     0     0.000000       0.000000        0.000000           inf     inf
    0.338208     1     0.014336       0.021504        0.010720         23.59    7.26
    0.338208     2     0.009696       0.020672        0.010688         34.88    8.24
    0.338208     3     0.016320       0.020416        0.010336         20.72    7.18
    0.338208     4     0.082848       0.020096        0.009760          4.08    3.00
    0.338208     5     0.011520       0.021632        0.011616         29.36    7.55
CPU_time(ms) Kernel GPU_time(ms) TransferIn(ms) TransferOut(ms) Speedup_noTrf Speedup
    0.522656     0     0.000000       0.000000        0.000000           inf     inf
    0.522656     1     0.036864       0.048288        0.029536         14.18    4.56
    0.522656     2     0.043008       0.052352        0.029600         12.15    4.18
    0.522656     3     0.044480       0.055008        0.029856         11.75    4.04
    0.522656     4     0.100352       0.049056        0.027808          5.21    2.95
    0.522656     5     0.037568       0.048896        0.028704         13.91    4.54
CPU_time(ms) Kernel GPU_time(ms) TransferIn(ms) TransferOut(ms) Speedup_noTrf Speedup
    0.574240     0     0.000000       0.000000        0.000000           inf     inf
    0.574240     1     0.014336       0.018272        0.009504         40.06   13.64
    0.574240     2     0.009024       0.020000        0.010656         63.63   14.47
    0.574240     3     0.009664       0.019744        0.010240         59.42   14.48
    0.574240     4     0.081920       0.019264        0.009792          7.01    5.17
    0.574240     5     0.009760       0.019808        0.010272         58.84   14.41
CPU_time(ms) Kernel GPU_time(ms) TransferIn(ms) TransferOut(ms) Speedup_noTrf Speedup
    0.486144     0     0.000000       0.000000        0.000000           inf     inf
    0.486144     1     0.014336       0.018432        0.011104         33.91   11.08
    0.486144     2     0.009600       0.019968        0.010432         50.64   12.15
    0.486144     3     0.031520       0.046016        0.025920         15.42    4.70
    0.486144     4     0.098176       0.044736        0.027136          4.95    2.86
    0.486144     5     0.034400       0.045088        0.026688         14.13    4.58
CPU_time(ms) Kernel GPU_time(ms) TransferIn(ms) TransferOut(ms) Speedup_noTrf Speedup
    0.459680     0     0.000000       0.000000        0.000000           inf     inf
    0.459680     1     0.014336       0.018432        0.011744         32.06   10.33
    0.459680     2     0.009632       0.020256        0.010784         47.72   11.30
    0.459680     3     0.012256       0.020800        0.010976         37.51   10.44
    0.459680     4     0.082752       0.019552        0.011552          5.55    4.04
    0.459680     5     0.011648       0.023072        0.012384         39.46    9.76
CPU_time(ms) Kernel GPU_time(ms) TransferIn(ms) TransferOut(ms) Speedup_noTrf Speedup
    0.661504     0     0.000000       0.000000        0.000000           inf     inf
    0.661504     1     0.014336       0.021024        0.010144         46.14   14.54
    0.661504     2     0.009280       0.019584        0.009856         71.28   17.08
    0.661504     3     0.008512       0.019232        0.009792         77.71   17.62
    0.661504     4     0.087744       0.021376        0.012224          7.54    5.45
    0.661504     5     0.010240       0.019840        0.010304         64.60   16.38
CPU_time(ms) Kernel GPU_time(ms) TransferIn(ms) TransferOut(ms) Speedup_noTrf Speedup
    0.335168     0     0.000000       0.000000        0.000000           inf     inf
    0.335168     1     0.028512       0.019552        0.012864         11.76    5.50
    0.335168     2     0.009664       0.019808        0.010880         34.68    8.31
    0.335168     3     0.008960       0.021024        0.010336         37.41    8.31
    0.335168     4     0.082848       0.019648        0.012096          4.05    2.92
    0.335168     5     0.011040       0.020160        0.011744         30.36    7.80
CPU_time(ms) Kernel GPU_time(ms) TransferIn(ms) TransferOut(ms) Speedup_noTrf Speedup
    0.504608     0     0.000000       0.000000        0.000000           inf     inf
    0.504608     1     0.013728       0.018432        0.010624         36.76   11.79
    0.504608     2     0.008512       0.019552        0.010240         59.28   13.17
    0.504608     3     0.008832       0.019936        0.010208         57.13   12.95
    0.504608     4     0.080608       0.020224        0.009920          6.26    4.56
    0.504608     5     0.009568       0.020192        0.010752         52.74   12.46
CPU_time(ms) Kernel GPU_time(ms) TransferIn(ms) TransferOut(ms) Speedup_noTrf Speedup
    0.545728     0     0.000000       0.000000        0.000000           inf     inf
    0.545728     1     0.037600       0.047104        0.029408         14.51    4.78
    0.545728     2     0.032448       0.044448        0.027168         16.82    5.24
    0.545728     3     0.033600       0.046176        0.026112         16.24    5.15
    0.545728     4     0.098176       0.045024        0.027488          5.56    3.20
    0.545728     5     0.032736       0.044736        0.025536         16.67    5.30
CPU_time(ms) Kernel GPU_time(ms) TransferIn(ms) TransferOut(ms) Speedup_noTrf Speedup
    0.526336     0     0.000000       0.000000        0.000000           inf     inf
    0.526336     1     0.014560       0.023264        0.010432         36.15   10.91
    0.526336     2     0.008192       0.019520        0.010048         64.25   13.94
    0.526336     3     0.009888       0.019520        0.009920         53.23   13.38
    0.526336     4     0.081856       0.019552        0.009792          6.43    4.73
    0.526336     5     0.014528       0.021600        0.011968         36.23   10.94
CPU_time(ms) Kernel GPU_time(ms) TransferIn(ms) TransferOut(ms) Speedup_noTrf Speedup
    0.410720     0     0.000000       0.000000        0.000000           inf     inf
    0.410720     1     0.014368       0.018432        0.012032         28.59    9.16
    0.410720     2     0.009920       0.019584        0.010240         41.40   10.33
    0.410720     3     0.009824       0.020352        0.010336         41.81   10.14
    0.410720     4     0.083968       0.020000        0.010656          4.89    3.58
    0.410720     5     0.010880       0.021024        0.012288         37.75    9.29
CPU_time(ms) Kernel GPU_time(ms) TransferIn(ms) TransferOut(ms) Speedup_noTrf Speedup
    0.384928     0     0.000000       0.000000        0.000000           inf     inf
    0.384928     1     0.014176       0.018432        0.010144         27.15    9.00
    0.384928     2     0.008416       0.019328        0.010304         45.74   10.12
    0.384928     3     0.008192       0.018656        0.009696         46.99   10.53
    0.384928     4     0.081920       0.019616        0.009792          4.70    3.46
    0.384928     5     0.008224       0.020160        0.010208         46.81    9.97
CPU_time(ms) Kernel GPU_time(ms) TransferIn(ms) TransferOut(ms) Speedup_noTrf Speedup
    1.177792     0     0.000000       0.000000        0.000000           inf     inf
    1.177792     1     0.038912       0.047424        0.029472         30.27   10.17
    1.177792     2     0.031392       0.045568        0.025600         37.52   11.48
    1.177792     3     0.031520       0.044704        0.025440         37.37   11.59
    1.177792     4     0.097152       0.045312        0.025728         12.12    7.00
    1.177792     5     0.032768       0.045696        0.025856         35.94   11.29
CPU_time(ms) Kernel GPU_time(ms) TransferIn(ms) TransferOut(ms) Speedup_noTrf Speedup
    0.599136     0     0.000000       0.000000        0.000000           inf     inf
    0.599136     1     0.015808       0.023040        0.011968         37.90   11.79
    0.599136     2     0.034688       0.046176        0.027456         17.27    5.53
    0.599136     3     0.032832       0.045440        0.027200         18.25    5.68
    0.599136     4     0.099520       0.045952        0.026080          6.02    3.49
    0.599136     5     0.034720       0.045888        0.027104         17.26    5.56
CPU_time(ms) Kernel GPU_time(ms) TransferIn(ms) TransferOut(ms) Speedup_noTrf Speedup
    0.587232     0     0.000000       0.000000        0.000000           inf     inf
    0.587232     1     0.014336       0.018400        0.011424         40.96   13.30
    0.587232     2     0.009312       0.019456        0.009920         63.06   15.18
    0.587232     3     0.011616       0.020736        0.010432         50.55   13.73
    0.587232     4     0.081664       0.020960        0.010720          7.19    5.18
    0.587232     5     0.010176       0.019360        0.010048         57.71   14.84
CPU_time(ms) Kernel GPU_time(ms) TransferIn(ms) TransferOut(ms) Speedup_noTrf Speedup
    0.342656     0     0.000000       0.000000        0.000000           inf     inf
    0.342656     1     0.015936       0.026752        0.011904         21.50    6.28
    0.342656     2     0.010112       0.020032        0.010176         33.89    8.50
    0.342656     3     0.011264       0.019648        0.010272         30.42    8.32
    0.342656     4     0.083456       0.020832        0.011104          4.11    2.97
    0.342656     5     0.012288       0.021344        0.012480         27.89    7.43
CPU_time(ms) Kernel GPU_time(ms) TransferIn(ms) TransferOut(ms) Speedup_noTrf Speedup
    0.516384     0     0.000000       0.000000        0.000000           inf     inf
    0.516384     1     0.039328       0.061728        0.029152         13.13    3.97
    0.516384     2     0.032864       0.043232        0.026816         15.71    5.02
    0.516384     3     0.032768       0.044736        0.025792         15.76    5.00
    0.516384     4     0.099168       0.044160        0.025568          5.21    3.06
    0.516384     5     0.033696       0.043648        0.025664         15.32    5.01
CPU_time(ms) Kernel GPU_time(ms) TransferIn(ms) TransferOut(ms) Speedup_noTrf Speedup
    0.514080     0     0.000000       0.000000        0.000000           inf     inf
    0.514080     1     0.014336       0.018304        0.011520         35.86   11.64
    0.514080     2     0.008416       0.019328        0.010720         61.08   13.37
    0.514080     3     0.032448       0.043264        0.026368         15.84    5.04
    0.514080     4     0.106496       0.048736        0.027776          4.83    2.81
    0.514080     5     0.034464       0.043296        0.026688         14.92    4.92
CPU_time(ms) Kernel GPU_time(ms) TransferIn(ms) TransferOut(ms) Speedup_noTrf Speedup
    0.487360     0     0.000000       0.000000        0.000000           inf     inf
    0.487360     1     0.014240       0.018432        0.010880         34.22   11.19
    0.487360     2     0.014336       0.022752        0.011680         34.00    9.99
    0.487360     3     0.011744       0.021408        0.012544         41.50   10.67
    0.487360     4     0.088192       0.023936        0.013120          5.53    3.89
    0.487360     5     0.014880       0.021216        0.014208         32.75    9.69
CPU_time(ms) Kernel GPU_time(ms) TransferIn(ms) TransferOut(ms) Speedup_noTrf Speedup
    0.327008     0     0.000000       0.000000        0.000000           inf     inf
    0.327008     1     0.014336       0.018432        0.011840         22.81    7.33
    0.327008     2     0.032768       0.043488        0.027104          9.98    3.16
    0.327008     3     0.032480       0.043904        0.026048         10.07    3.19
    0.327008     4     0.098304       0.043552        0.025440          3.33    1.95
    0.327008     5     0.032224       0.043744        0.026400         10.15    3.19
CPU_time(ms) Kernel GPU_time(ms) TransferIn(ms) TransferOut(ms) Speedup_noTrf Speedup
    0.499488     0     0.000000       0.000000        0.000000           inf     inf
    0.499488     1     0.038912       0.046336        0.028800         12.84    4.38
    0.499488     2     0.032640       0.046336        0.026560         15.30    4.73
    0.499488     3     0.034816       0.047072        0.027072         14.35    4.58
    0.499488     4     0.098912       0.047136        0.026400          5.05    2.90
    0.499488     5     0.034496       0.045376        0.026272         14.48    4.71
CPU_time(ms) Kernel GPU_time(ms) TransferIn(ms) TransferOut(ms) Speedup_noTrf Speedup
    0.421792     0     0.000000       0.000000        0.000000           inf     inf
    0.421792     1     0.038944       0.060704        0.027968         10.83    3.31
    0.421792     2     0.032832       0.044288        0.026592         12.85    4.07
    0.421792     3     0.032768       0.046144        0.025888         12.87    4.02
    0.421792     4     0.099072       0.045568        0.026784          4.26    2.46
    0.421792     5     0.034496       0.044544        0.026752         12.23    3.99
CPU_time(ms) Kernel GPU_time(ms) TransferIn(ms) TransferOut(ms) Speedup_noTrf Speedup
    0.489952     0     0.000000       0.000000        0.000000           inf     inf
    0.489952     1     0.015360       0.018432        0.011584         31.90   10.80
    0.489952     2     0.009664       0.019776        0.010848         50.70   12.16
    0.489952     3     0.044512       0.045248        0.026560         11.01    4.21
    0.489952     4     0.096992       0.045536        0.025728          5.05    2.91
    0.489952     5     0.033664       0.044928        0.026112         14.55    4.68
CPU_time(ms) Kernel GPU_time(ms) TransferIn(ms) TransferOut(ms) Speedup_noTrf Speedup
    0.423712     0     0.000000       0.000000        0.000000           inf     inf
    0.423712     1     0.014624       0.018880        0.011296         28.97    9.46
    0.423712     2     0.009920       0.020000        0.010272         42.71   10.54
    0.423712     3     0.011392       0.020192        0.011520         37.19    9.83
    0.423712     4     0.084416       0.021664        0.011776          5.02    3.60
    0.423712     5     0.012288       0.023328        0.012736         34.48    8.76
CPU_time(ms) Kernel GPU_time(ms) TransferIn(ms) TransferOut(ms) Speedup_noTrf Speedup
    0.518880     0     0.000000       0.000000        0.000000           inf     inf
    0.518880     1     0.015008       0.020256        0.012416         34.57   10.88
    0.518880     2     0.010432       0.021184        0.012672         49.74   11.72
    0.518880     3     0.012288       0.022848        0.013408         42.23   10.69
    0.518880     4     0.086016       0.023744        0.014880          6.03    4.16
    0.518880     5     0.014048       0.025088        0.016032         36.94    9.41
CPU_time(ms) Kernel GPU_time(ms) TransferIn(ms) TransferOut(ms) Speedup_noTrf Speedup
    0.641088     0     0.000000       0.000000        0.000000           inf     inf
    0.641088     1     0.013664       0.018432        0.009632         46.92   15.36
    0.641088     2     0.009952       0.019424        0.010464         64.42   16.09
    0.641088     3     0.009248       0.019104        0.009920         69.32   16.75
    0.641088     4     0.080832       0.019808        0.009856          7.93    5.80
    0.641088     5     0.008192       0.020192        0.010656         78.26   16.42
CPU_time(ms) Kernel GPU_time(ms) TransferIn(ms) TransferOut(ms) Speedup_noTrf Speedup
    0.436288     0     0.000000       0.000000        0.000000           inf     inf
    0.436288     1     0.038912       0.046560        0.028736         11.21    3.82
    0.436288     2     0.033184       0.043936        0.026272         13.15    4.22
    0.436288     3     0.033888       0.045056        0.025152         12.87    4.19
    0.436288     4     0.098976       0.044672        0.025184          4.41    2.58
    0.436288     5     0.034816       0.044576        0.026400         12.53    4.12
CPU_time(ms) Kernel GPU_time(ms) TransferIn(ms) TransferOut(ms) Speedup_noTrf Speedup
    0.481184     0     0.000000       0.000000        0.000000           inf     inf
    0.481184     1     0.012288       0.018208        0.010912         39.16   11.62
    0.481184     2     0.008448       0.019712        0.010432         56.96   12.47
    0.481184     3     0.009728       0.019168        0.010144         49.46   12.33
    0.481184     4     0.086624       0.021376        0.011200          5.55    4.04
    0.481184     5     0.012288       0.019712        0.010784         39.16   11.25
CPU_time(ms) Kernel GPU_time(ms) TransferIn(ms) TransferOut(ms) Speedup_noTrf Speedup
    0.461856     0     0.000000       0.000000        0.000000           inf     inf
    0.461856     1     0.037824       0.046816        0.028480         12.21    4.08
    0.461856     2     0.042400       0.049536        0.027680         10.89    3.86
    0.461856     3     0.033440       0.112928        0.025536         13.81    2.69
    0.461856     4     0.098336       0.044224        0.027264          4.70    2.72
    0.461856     5     0.041920       0.050016        0.028608         11.02    3.83
CPU_time(ms) Kernel GPU_time(ms) TransferIn(ms) TransferOut(ms) Speedup_noTrf Speedup
    0.587008     0     0.000000       0.000000        0.000000           inf     inf
    0.587008     1     0.037984       0.057888        0.029344         15.45    4.69
    0.587008     2     0.036992       0.048896        0.027232         15.87    5.19
    0.587008     3     0.033792       0.047136        0.026720         17.37    5.45
    0.587008     4     0.105984       0.052544        0.030368          5.54    3.11
    0.587008     5     0.040096       0.051648        0.028160         14.64    4.90
CPU_time(ms) Kernel GPU_time(ms) TransferIn(ms) TransferOut(ms) Speedup_noTrf Speedup
    0.362496     0     0.000000       0.000000        0.000000           inf     inf
    0.362496     1     0.014464       0.020480        0.011648         25.06    7.78
    0.362496     2     0.008192       0.018688        0.009888         44.25    9.86
    0.362496     3     0.009504       0.018720        0.010432         38.14    9.38
    0.362496     4     0.103072       0.049056        0.027840          3.52    2.01
    0.362496     5     0.034816       0.043904        0.025024         10.41    3.49
CPU_time(ms) Kernel GPU_time(ms) TransferIn(ms) TransferOut(ms) Speedup_noTrf Speedup
    0.475840     0     0.000000       0.000000        0.000000           inf     inf
    0.475840     1     0.014368       0.018208        0.010208         33.12   11.12
    0.475840     2     0.008384       0.019168        0.010624         56.76   12.46
    0.475840     3     0.032768       0.043680        0.026720         14.52    4.61
    0.475840     4     0.103872       0.049824        0.029376          4.58    2.60
    0.475840     5     0.035424       0.043712        0.026688         13.43    4.50
CPU_time(ms) Kernel GPU_time(ms) TransferIn(ms) TransferOut(ms) Speedup_noTrf Speedup
    0.472672     0     0.000000       0.000000        0.000000           inf     inf
    0.472672     1     0.014464       0.018560        0.011648         32.68   10.58
    0.472672     2     0.008768       0.019584        0.010016         53.91   12.32
    0.472672     3     0.032768       0.044384        0.027648         14.42    4.51
    0.472672     4     0.098304       0.045408        0.026336          4.81    2.78
    0.472672     5     0.034688       0.045472        0.025600         13.63    4.47
CPU_time(ms) Kernel GPU_time(ms) TransferIn(ms) TransferOut(ms) Speedup_noTrf Speedup
    0.241952     0     0.000000       0.000000        0.000000           inf     inf
    0.241952     1     0.014208       0.024576        0.011232         17.03    4.84
    0.241952     2     0.008480       0.019520        0.011136         28.53    6.18
    0.241952     3     0.009824       0.019840        0.010144         24.63    6.08
    0.241952     4     0.098368       0.046016        0.026496          2.46    1.42
    0.241952     5     0.034368       0.045792        0.025888          7.04    2.28
CPU_time(ms) Kernel GPU_time(ms) TransferIn(ms) TransferOut(ms) Speedup_noTrf Speedup
    0.567808     0     0.000000       0.000000        0.000000           inf     inf
    0.567808     1     0.014336       0.018176        0.011392         39.61   12.93
    0.567808     2     0.064096       0.045664        0.027840          8.86    4.13
    0.567808     3     0.040960       0.050784        0.029568         13.86    4.68
    0.567808     4     0.098400       0.045024        0.026560          5.77    3.34
    0.567808     5     0.034656       0.045216        0.025440         16.38    5.39
CPU_time(ms) Kernel GPU_time(ms) TransferIn(ms) TransferOut(ms) Speedup_noTrf Speedup
    0.409888     0     0.000000       0.000000        0.000000           inf     inf
    0.409888     1     0.038624       0.061792        0.028768         10.61    3.17
    0.409888     2     0.032768       0.043808        0.026944         12.51    3.96
    0.409888     3     0.040768       0.051456        0.028608         10.05    3.39
    0.409888     4     0.098304       0.044416        0.025664          4.17    2.43
    0.409888     5     0.034560       0.044736        0.027488         11.86    3.84
CPU_time(ms) Kernel GPU_time(ms) TransferIn(ms) TransferOut(ms) Speedup_noTrf Speedup
    0.390976     0     0.000000       0.000000        0.000000           inf     inf
    0.390976     1     0.013824       0.020416        0.009952         28.28    8.85
    0.390976     2     0.013440       0.020928        0.011264         29.09    8.57
    0.390976     3     0.012000       0.020576        0.011296         32.58    8.91
    0.390976     4     0.084192       0.020672        0.011008          4.64    3.37
    0.390976     5     0.010560       0.020832        0.011392         37.02    9.14
CPU_time(ms) Kernel GPU_time(ms) TransferIn(ms) TransferOut(ms) Speedup_noTrf Speedup
    0.548160     0     0.000000       0.000000        0.000000           inf     inf
    0.548160     1     0.014336       0.019872        0.010496         38.24   12.26
    0.548160     2     0.008192       0.018368        0.010208         66.91   14.91
    0.548160     3     0.008352       0.018400        0.009824         65.63   14.99
    0.548160     4     0.081728       0.019680        0.010400          6.71    4.90
    0.548160     5     0.008992       0.020384        0.009760         60.96   14.01
CPU_time(ms) Kernel GPU_time(ms) TransferIn(ms) TransferOut(ms) Speedup_noTrf Speedup
    0.605184     0     0.000000       0.000000        0.000000           inf     inf
    0.605184     1     0.014208       0.018432        0.011424         42.59   13.73
    0.605184     2     0.010176       0.019360        0.010592         59.47   15.08
    0.605184     3     0.008736       0.020096        0.009856         69.27   15.64
    0.605184     4     0.081792       0.019392        0.010208          7.40    5.43
    0.605184     5     0.010240       0.020800        0.010048         59.10   14.73
