CPU_time(ms) Kernel GPU_time(ms) TransferIn(ms) TransferOut(ms) Speedup_noTrf Speedup
  105.756676     0     0.000000       0.000000        0.000000           inf     inf
  105.756676     1    17.928192       7.679808        9.101312          5.90    3.05
  105.756676     2     1.443136       4.455488        2.720160         73.28   12.27
  105.756676     3    78.686401       4.435072        2.124032          1.34    1.24
  105.756676     4   809.746582      10.584192        2.119936          0.13    0.13
  105.756676     5    14.360576       4.478368        2.792416          7.36    4.89
CPU_time(ms) Kernel GPU_time(ms) TransferIn(ms) TransferOut(ms) Speedup_noTrf Speedup
   95.658173     0     0.000000       0.000000        0.000000           inf     inf
   95.658173     1    14.992192       7.275808        8.826336          6.38    3.08
   95.658173     2     1.221088       4.514432        2.707136         78.34   11.33
   95.658173     3    65.585152       4.454976        2.165536          1.46    1.32
   95.658173     4   802.296021       4.461856        2.100992          0.12    0.12
   95.658173     5    14.379008       9.957408        4.629696          6.65    3.30
CPU_time(ms) Kernel GPU_time(ms) TransferIn(ms) TransferOut(ms) Speedup_noTrf Speedup
   99.999741     0     0.000000       0.000000        0.000000           inf     inf
   99.999741     1    14.992224       6.616672        8.467520          6.67    3.32
   99.999741     2     1.220736       4.778656        3.175616         81.92   10.90
   99.999741     3    65.616959       4.525248        2.150112          1.52    1.38
   99.999741     4   780.818359       4.668384        2.134624          0.13    0.13
   99.999741     5    14.380192      10.784000        5.160352          6.95    3.30
CPU_time(ms) Kernel GPU_time(ms) TransferIn(ms) TransferOut(ms) Speedup_noTrf Speedup
  100.755005     0     0.000000       0.000000        0.000000           inf     inf
  100.755005     1    14.989312       7.052480        8.865056          6.72    3.26
  100.755005     2     1.216352       4.484512        2.138400         82.83   12.85
  100.755005     3    65.645187      10.176224        2.136992          1.53    1.29
  100.755005     4   823.938477      10.585472        2.093664          0.12    0.12
  100.755005     5    14.356256       4.790432        2.113952          7.02    4.74
CPU_time(ms) Kernel GPU_time(ms) TransferIn(ms) TransferOut(ms) Speedup_noTrf Speedup
   93.103844     0     0.000000       0.000000        0.000000           inf     inf
   93.103844     1    14.990880       7.155616        9.430656          6.21    2.95
   93.103844     2     1.216608       4.344192        2.155968         76.53   12.07
   93.103844     3    65.596130       4.743712        2.126816          1.42    1.28
   93.103844     4   790.151184       4.632928        2.106784          0.12    0.12
   93.103844     5    14.360576       4.390976        2.520768          6.48    4.38
CPU_time(ms) Kernel GPU_time(ms) TransferIn(ms) TransferOut(ms) Speedup_noTrf Speedup
   93.046463     0     0.000000       0.000000        0.000000           inf     inf
   93.046463     1    15.100160       6.507136        8.750336          6.16    3.07
   93.046463     2     1.230176       4.726048        3.114688         75.64   10.26
   93.046463     3    66.134048       4.603200        2.141728          1.41    1.28
   93.046463     4   794.763245       4.529280        2.127072          0.12    0.12
   93.046463     5    14.379008       4.386912        2.573984          6.47    4.36
CPU_time(ms) Kernel GPU_time(ms) TransferIn(ms) TransferOut(ms) Speedup_noTrf Speedup
   94.480385     0     0.000000       0.000000        0.000000           inf     inf
   94.480385     1    15.110912      10.034080        8.535872          6.25    2.81
   94.480385     2     1.228768       4.609280        3.033536         76.89   10.65
   94.480385     3    66.134911       4.229376        2.176352          1.43    1.30
   94.480385     4   811.369751       4.527392        2.144512          0.12    0.12
   94.480385     5    14.379008       4.646272        3.093984          6.57    4.27
CPU_time(ms) Kernel GPU_time(ms) TransferIn(ms) TransferOut(ms) Speedup_noTrf Speedup
   93.958336     0     0.000000       0.000000        0.000000           inf     inf
   93.958336     1    15.111968       9.209856        8.656128          6.22    2.85
   93.958336     2     1.226752       4.506080        3.023808         76.59   10.73
   93.958336     3    66.173058       4.655968        2.203104          1.42    1.29
   93.958336     4   786.575378      10.416416        2.174048          0.12    0.12
   93.958336     5    14.381056       4.896832        3.525760          6.53    4.12
CPU_time(ms) Kernel GPU_time(ms) TransferIn(ms) TransferOut(ms) Speedup_noTrf Speedup
   92.962753     0     0.000000       0.000000        0.000000           inf     inf
   92.962753     1    15.110400       6.088704        8.139008          6.15    3.17
   92.962753     2     1.228640       4.428928        2.672704         75.66   11.16
   92.962753     3    66.112801       4.484256        2.146944          1.41    1.28
   92.962753     4   786.544434       4.432448        2.111040          0.12    0.12
   92.962753     5    14.393344      10.080800        5.685088          6.46    3.08
CPU_time(ms) Kernel GPU_time(ms) TransferIn(ms) TransferOut(ms) Speedup_noTrf Speedup
   97.735168     0     0.000000       0.000000        0.000000           inf     inf
   97.735168     1    15.108096       5.876832        8.840192          6.47    3.28
   97.735168     2     1.228800       4.474912        2.599360         79.54   11.77
   97.735168     3    66.134659       4.239008        2.149440          1.48    1.35
   97.735168     4   796.319580       4.422560        2.141728          0.12    0.12
   97.735168     5    14.374752       4.445696        2.716640          6.80    4.54
CPU_time(ms) Kernel GPU_time(ms) TransferIn(ms) TransferOut(ms) Speedup_noTrf Speedup
   94.597183     0     0.000000       0.000000        0.000000           inf     inf
   94.597183     1    15.114240      10.368288        8.538240          6.26    2.78
   94.597183     2     1.241088      10.713856        6.868512         76.22    5.03
   94.597183     3    69.464767      10.723744        2.148544          1.36    1.15
   94.597183     4   824.520691      11.099360        2.144320          0.11    0.11
   94.597183     5    14.380480       4.829856        3.296192          6.58    4.20
CPU_time(ms) Kernel GPU_time(ms) TransferIn(ms) TransferOut(ms) Speedup_noTrf Speedup
   98.094749     0     0.000000       0.000000        0.000000           inf     inf
   98.094749     1    15.333536       9.736704        8.340544          6.40    2.94
   98.094749     2     1.238400       4.831168        3.467136         79.21   10.29
   98.094749     3    66.632034       4.544736        2.151648          1.47    1.34
   98.094749     4   822.584595       4.689472        2.138816          0.12    0.12
   98.094749     5    14.410816      10.095072        5.580736          6.81    3.26
CPU_time(ms) Kernel GPU_time(ms) TransferIn(ms) TransferOut(ms) Speedup_noTrf Speedup
   99.127296     0     0.000000       0.000000        0.000000           inf     inf
   99.127296     1    15.216544       9.398112        8.257696          6.51    3.02
   99.127296     2     1.238976       5.085824        3.108640         80.01   10.51
   99.127296     3    73.664482       4.336096        2.139648          1.35    1.24
   99.127296     4   830.437805      10.432288        2.128512          0.12    0.12
   99.127296     5    14.392576       4.443808        2.554496          6.89    4.63
CPU_time(ms) Kernel GPU_time(ms) TransferIn(ms) TransferOut(ms) Speedup_noTrf Speedup
   95.273888     0     0.000000       0.000000        0.000000           inf     inf
   95.273888     1    15.215872       7.690240        8.668096          6.26    3.02
   95.273888     2     1.253504      10.406848        6.678208         76.01    5.20
   95.273888     3    69.405121      10.060096        2.136384          1.37    1.17
   95.273888     4   833.438232      10.548672        2.128736          0.11    0.11
   95.273888     5    14.412800      10.066368        5.367296          6.61    3.19
CPU_time(ms) Kernel GPU_time(ms) TransferIn(ms) TransferOut(ms) Speedup_noTrf Speedup
   97.522560     0     0.000000       0.000000        0.000000           inf     inf
   97.522560     1    15.222880       9.754432        8.355104          6.41    2.93
   97.522560     2     1.237632       4.708288        3.085312         78.80   10.80
   97.522560     3    66.658371      10.095968        2.117024          1.46    1.24
   97.522560     4   791.601135      10.440512        2.078784          0.12    0.12
   97.522560     5    14.407840      10.041024        4.937600          6.77    3.32
CPU_time(ms) Kernel GPU_time(ms) TransferIn(ms) TransferOut(ms) Speedup_noTrf Speedup
   95.166466     0     0.000000       0.000000        0.000000           inf     inf
   95.166466     1    15.219488       9.890208        8.416864          6.25    2.84
   95.166466     2     1.234944       4.182208        2.302656         77.06   12.33
   95.166466     3    66.664993       4.261472        2.150240          1.43    1.30
   95.166466     4   814.890991       4.618592        2.113024          0.12    0.12
   95.166466     5    14.412192      10.456192        5.425184          6.60    3.14
CPU_time(ms) Kernel GPU_time(ms) TransferIn(ms) TransferOut(ms) Speedup_noTrf Speedup
   96.432129     0     0.000000       0.000000        0.000000           inf     inf
   96.432129     1    15.212928       5.578752        8.451968          6.34    3.30
   96.432129     2     1.251232      10.454624        6.612544         77.07    5.26
   96.432129     3    66.679810      10.460096        2.138304          1.45    1.22
   96.432129     4   814.057495       4.310656        2.130752          0.12    0.12
   96.432129     5    14.395712       4.616864        3.085120          6.70    4.36
CPU_time(ms) Kernel GPU_time(ms) TransferIn(ms) TransferOut(ms) Speedup_noTrf Speedup
   94.064384     0     0.000000       0.000000        0.000000           inf     inf
   94.064384     1    15.222176       9.770144        8.393088          6.18    2.82
   94.064384     2     1.253376      10.447264        6.646080         75.05    5.13
   94.064384     3    66.621727      10.788032        2.177024          1.41    1.18
   94.064384     4   792.305298      10.765536        2.144704          0.12    0.12
   94.064384     5    14.396800       4.524992        2.867232          6.53    4.32
CPU_time(ms) Kernel GPU_time(ms) TransferIn(ms) TransferOut(ms) Speedup_noTrf Speedup
   96.549629     0     0.000000       0.000000        0.000000           inf     inf
   96.549629     1    15.221344      10.502400        9.171808          6.34    2.77
   96.549629     2     1.254528      11.208320        7.871552         76.96    4.75
   96.549629     3    66.669571      11.390496        2.193664          1.45    1.20
   96.549629     4   791.603210       5.091264        2.224704          0.12    0.12
   96.549629     5    14.399360       5.614496        4.201440          6.71    3.99
CPU_time(ms) Kernel GPU_time(ms) TransferIn(ms) TransferOut(ms) Speedup_noTrf Speedup
  102.524925     0     0.000000       0.000000        0.000000           inf     inf
  102.524925     1    15.216640      10.330624        8.924768          6.74    2.97
  102.524925     2     1.252960      10.409632        7.451296         81.83    5.36
  102.524925     3    66.643326      10.587360        2.184864          1.54    1.29
  102.524925     4   791.931519       4.598336        2.168736          0.13    0.13
  102.524925     5    14.412000      10.097728        5.366592          7.11    3.43
CPU_time(ms) Kernel GPU_time(ms) TransferIn(ms) TransferOut(ms) Speedup_noTrf Speedup
   96.121086     0     0.000000       0.000000        0.000000           inf     inf
   96.121086     1    15.222784      10.415648        8.530176          6.31    2.81
   96.121086     2     1.240288       5.282688        3.538944         77.50    9.55
   96.121086     3    78.698494      10.362848        2.155040          1.22    1.05
   96.121086     4   824.601807      10.925216        2.137248          0.12    0.11
   96.121086     5    14.395424       4.999360        3.211072          6.68    4.25
CPU_time(ms) Kernel GPU_time(ms) TransferIn(ms) TransferOut(ms) Speedup_noTrf Speedup
   93.710335     0     0.000000       0.000000        0.000000           inf     inf
   93.710335     1    15.236896      13.576064        9.692672          6.15    2.43
   93.710335     2     1.240928       5.095936        3.418304         75.52    9.61
   93.710335     3    66.665756       4.778784        2.131648          1.41    1.27
   93.710335     4   792.295349       6.514784        2.138208          0.12    0.12
   93.710335     5    14.397184       4.855392        3.373472          6.51    4.14
CPU_time(ms) Kernel GPU_time(ms) TransferIn(ms) TransferOut(ms) Speedup_noTrf Speedup
   95.225410     0     0.000000       0.000000        0.000000           inf     inf
   95.225410     1    15.231680       9.237088        9.966848          6.25    2.77
   95.225410     2     1.249376      10.040192        6.378464         76.22    5.39
   95.225410     3    77.014946       6.393440        2.128704          1.24    1.11
   95.225410     4   827.302795      10.059552        2.115360          0.12    0.11
   95.225410     5    14.399168       5.046624        3.615296          6.61    4.13
CPU_time(ms) Kernel GPU_time(ms) TransferIn(ms) TransferOut(ms) Speedup_noTrf Speedup
   92.272003     0     0.000000       0.000000        0.000000           inf     inf
   92.272003     1    15.234656       8.918464        9.490176          6.06    2.74
   92.272003     2     1.249280      10.421152        6.686208         73.86    5.03
   92.272003     3    74.672157       6.225216        2.159936          1.24    1.11
   92.272003     4   826.103210      10.905696        2.144256          0.11    0.11
   92.272003     5    14.397440       5.402944        4.219072          6.41    3.84
CPU_time(ms) Kernel GPU_time(ms) TransferIn(ms) TransferOut(ms) Speedup_noTrf Speedup
   96.368546     0     0.000000       0.000000        0.000000           inf     inf
   96.368546     1    15.235360      11.697600        9.579104          6.33    2.64
   96.368546     2     1.252640      10.193472        7.239744         76.93    5.16
   96.368546     3    66.649986      10.454976        2.176320          1.45    1.22
   96.368546     4   792.020996       5.226528        2.173632          0.12    0.12
   96.368546     5    14.396608       4.878048        3.747264          6.69    4.19
CPU_time(ms) Kernel GPU_time(ms) TransferIn(ms) TransferOut(ms) Speedup_noTrf Speedup
   94.242241     0     0.000000       0.000000        0.000000           inf     inf
   94.242241     1    15.231072      10.417088        9.857408          6.19    2.65
   94.242241     2     1.245184       7.229984        5.466784         75.69    6.76
   94.242241     3    86.985504       5.389920        2.138560          1.08    1.00
   94.242241     4   818.948181      10.062208        2.119072          0.12    0.11
   94.242241     5    14.401536       6.484832        4.307936          6.54    3.74
CPU_time(ms) Kernel GPU_time(ms) TransferIn(ms) TransferOut(ms) Speedup_noTrf Speedup
   95.910370     0     0.000000       0.000000        0.000000           inf     inf
   95.910370     1    15.224160       8.017280        9.925952          6.30    2.89
   95.910370     2     1.235488       4.410656        2.602688         77.63   11.63
   95.910370     3    66.670174       4.254464        2.140992          1.44    1.31
   95.910370     4   815.197205       4.453312        2.123648          0.12    0.12
   95.910370     5    14.398720       4.533536        3.013376          6.66    4.37
CPU_time(ms) Kernel GPU_time(ms) TransferIn(ms) TransferOut(ms) Speedup_noTrf Speedup
   96.186432     0     0.000000       0.000000        0.000000           inf     inf
   96.186432     1    15.228928       9.895872        8.404448          6.32    2.87
   96.186432     2     1.242560       6.666720        4.623808         77.41    7.67
   96.186432     3    66.623489       4.905824        2.152288          1.44    1.31
   96.186432     4   800.359924      10.505312        2.200160          0.12    0.12
   96.186432     5    14.395392       4.489312        2.897984          6.68    4.42
CPU_time(ms) Kernel GPU_time(ms) TransferIn(ms) TransferOut(ms) Speedup_noTrf Speedup
   94.090462     0     0.000000       0.000000        0.000000           inf     inf
   94.090462     1    15.228768       8.228864        9.783296          6.18    2.83
   94.090462     2     1.249280      10.700224        6.959392         75.32    4.98
   94.090462     3    86.969154       4.736064        2.162080          1.08    1.00
   94.090462     4   817.223816       5.524864        2.155872          0.12    0.11
   94.090462     5    14.411872      11.167968        6.021568          6.53    2.98
CPU_time(ms) Kernel GPU_time(ms) TransferIn(ms) TransferOut(ms) Speedup_noTrf Speedup
   97.216515     0     0.000000       0.000000        0.000000           inf     inf
   97.216515     1    15.230752       9.360608        8.325024          6.38    2.95
   97.216515     2     1.236576       4.819008        3.322016         78.62   10.37
   97.216515     3    66.657501       4.439360        2.151296          1.46    1.33
   97.216515     4   792.418640      10.363744        2.149696          0.12    0.12
   97.216515     5    14.394784       4.710496        2.141856          6.75    4.58
CPU_time(ms) Kernel GPU_time(ms) TransferIn(ms) TransferOut(ms) Speedup_noTrf Speedup
  101.890045     0     0.000000       0.000000        0.000000           inf     inf
  101.890045     1    15.228896       5.914624        9.133760          6.69    3.37
  101.890045     2     1.235360       4.347264        2.870464         82.48   12.05
  101.890045     3    66.675713       4.543360        2.234400          1.53    1.39
  101.890045     4   791.929993       4.587968        2.221120          0.13    0.13
  101.890045     5    14.397440       4.478848        3.137344          7.08    4.63
CPU_time(ms) Kernel GPU_time(ms) TransferIn(ms) TransferOut(ms) Speedup_noTrf Speedup
   98.428925     0     0.000000       0.000000        0.000000           inf     inf
   98.428925     1    15.230976       7.017888        9.349472          6.46    3.12
   98.428925     2     1.232160       4.325408        2.196576         79.88   12.69
   98.428925     3    66.719742       4.643360        2.188000          1.48    1.34
   98.428925     4   791.707397       4.569984        2.178496          0.12    0.12
   98.428925     5    14.409120       9.695744        4.932192          6.83    3.39
CPU_time(ms) Kernel GPU_time(ms) TransferIn(ms) TransferOut(ms) Speedup_noTrf Speedup
   95.739517     0     0.000000       0.000000        0.000000           inf     inf
   95.739517     1    15.355424       8.580992        9.500288          6.23    2.86
   95.739517     2     1.259584      10.735616        7.655552         76.01    4.87
   95.739517     3    67.197060       4.496608        2.207840          1.42    1.30
   95.739517     4   816.841125       4.522976        2.179520          0.12    0.12
   95.739517     5    14.420896       4.953120        3.946272          6.64    4.11
CPU_time(ms) Kernel GPU_time(ms) TransferIn(ms) TransferOut(ms) Speedup_noTrf Speedup
  105.189377     0     0.000000       0.000000        0.000000           inf     inf
  105.189377     1    15.354944       7.317472        9.837408          6.85    3.24
  105.189377     2     1.246848       4.968544        3.668736         84.36   10.64
  105.189377     3    67.184578       4.579360        2.231616          1.57    1.42
  105.189377     4   819.204712       4.565888        2.196672          0.13    0.13
  105.189377     5    14.413312       4.239680        2.203104          7.30    5.04
CPU_time(ms) Kernel GPU_time(ms) TransferIn(ms) TransferOut(ms) Speedup_noTrf Speedup
   94.463074     0     0.000000       0.000000        0.000000           inf     inf
   94.463074     1    15.355264       6.363232        8.893440          6.15    3.09
   94.463074     2     1.260960      10.366720        6.714304         74.91    5.15
   94.463074     3    67.190781       5.461696        2.147552          1.41    1.26
   94.463074     4   798.281494       4.937344        2.094944          0.12    0.12
   94.463074     5    14.417920       5.124320        3.735904          6.55    4.06
CPU_time(ms) Kernel GPU_time(ms) TransferIn(ms) TransferOut(ms) Speedup_noTrf Speedup
   95.755455     0     0.000000       0.000000        0.000000           inf     inf
   95.755455     1    15.360352       9.816384        8.841696          6.23    2.81
   95.755455     2     1.245184       4.338592        2.776448         76.90   11.45
   95.755455     3    74.045311       4.832640        2.189184          1.29    1.18
   95.755455     4   840.130676       4.366752        2.170688          0.11    0.11
   95.755455     5    14.417792       4.522080        3.265760          6.64    4.31
CPU_time(ms) Kernel GPU_time(ms) TransferIn(ms) TransferOut(ms) Speedup_noTrf Speedup
   93.272636     0     0.000000       0.000000        0.000000           inf     inf
   93.272636     1    15.353888       7.081856        8.768640          6.07    2.99
   93.272636     2     1.261568      10.580896        6.728704         73.93    5.02
   93.272636     3    67.233795      10.850560        2.069440          1.39    1.16
   93.272636     4   826.830200       4.573952        2.096640          0.11    0.11
   93.272636     5    14.420384       4.658816        3.129984          6.47    4.20
CPU_time(ms) Kernel GPU_time(ms) TransferIn(ms) TransferOut(ms) Speedup_noTrf Speedup
   93.994591     0     0.000000       0.000000        0.000000           inf     inf
   93.994591     1    15.354784       7.721536        9.606816          6.12    2.88
   93.994591     2     1.245408       4.435424        2.575136         75.47   11.39
   93.994591     3    67.292542       4.487840        2.125344          1.40    1.27
   93.994591     4   798.448730      10.511072        2.045536          0.12    0.12
   93.994591     5    14.416704       4.584064        2.778144          6.52    4.32
CPU_time(ms) Kernel GPU_time(ms) TransferIn(ms) TransferOut(ms) Speedup_noTrf Speedup
   89.960579     0     0.000000       0.000000        0.000000           inf     inf
   89.960579     1    15.350720       7.796928        9.049088          5.86    2.79
   89.960579     2     1.249664       5.601216        3.749760         71.99    8.49
   89.960579     3    67.457443       4.852448        2.148224          1.33    1.21
   89.960579     4   838.211121       4.902400        2.126592          0.11    0.11
   89.960579     5    14.419872       4.881632        3.355648          6.24    3.97
CPU_time(ms) Kernel GPU_time(ms) TransferIn(ms) TransferOut(ms) Speedup_noTrf Speedup
   99.278877     0     0.000000       0.000000        0.000000           inf     inf
   99.278877     1    15.354240      10.022912        8.426720          6.47    2.94
   99.278877     2     1.247232       4.666240        3.097472         79.60   11.02
   99.278877     3    67.217316      10.455680        2.155520          1.48    1.24
   99.278877     4   798.443542       4.223936        2.142656          0.12    0.12
   99.278877     5    14.417248       4.529440        2.886048          6.89    4.55
CPU_time(ms) Kernel GPU_time(ms) TransferIn(ms) TransferOut(ms) Speedup_noTrf Speedup
   94.721634     0     0.000000       0.000000        0.000000           inf     inf
   94.721634     1    15.354144       5.900896        9.165376          6.17    3.11
   94.721634     2     1.249280       5.358976        3.935520         75.82    8.98
   94.721634     3    67.223778       5.064928        2.192768          1.41    1.27
   94.721634     4   820.817932       4.458496        2.133056          0.12    0.11
   94.721634     5    14.413408       4.468064        3.171712          6.57    4.30
CPU_time(ms) Kernel GPU_time(ms) TransferIn(ms) TransferOut(ms) Speedup_noTrf Speedup
  103.065857     0     0.000000       0.000000        0.000000           inf     inf
  103.065857     1    15.358976      10.687648        8.582048          6.71    2.98
  103.065857     2     1.260928      10.381120        6.658976         81.74    5.63
  103.065857     3    67.257858       4.324192        2.143264          1.53    1.40
  103.065857     4   798.445557       4.533536        2.134592          0.13    0.13
  103.065857     5    14.421760       5.270400        3.713984          7.15    4.40
CPU_time(ms) Kernel GPU_time(ms) TransferIn(ms) TransferOut(ms) Speedup_noTrf Speedup
   91.283264     0     0.000000       0.000000        0.000000           inf     inf
   91.283264     1    15.355904       8.141088        9.298048          5.94    2.78
   91.283264     2     1.261024      10.468480        6.607872         72.39    4.98
   91.283264     3    67.201027       4.782592        2.147008          1.36    1.23
   91.283264     4   821.456543       4.973920        2.137184          0.11    0.11
   91.283264     5    14.413824       4.655744        2.137792          6.33    4.30
CPU_time(ms) Kernel GPU_time(ms) TransferIn(ms) TransferOut(ms) Speedup_noTrf Speedup
   95.561699     0     0.000000       0.000000        0.000000           inf     inf
   95.561699     1    15.359232       9.275680       10.723072          6.22    2.70
   95.561699     2     1.242880       4.515840        2.189216         76.89   12.02
   95.561699     3    67.288445       4.568448        2.183744          1.42    1.29
   95.561699     4   818.598389       4.459392        2.136160          0.12    0.12
   95.561699     5    14.417600       4.603584        2.882368          6.63    4.36
CPU_time(ms) Kernel GPU_time(ms) TransferIn(ms) TransferOut(ms) Speedup_noTrf Speedup
   94.463394     0     0.000000       0.000000        0.000000           inf     inf
   94.463394     1    15.357952      10.157920        8.368320          6.15    2.79
   94.463394     2     1.243136       4.422880        2.133152         75.99   12.11
   94.463394     3    67.293884      10.072064        2.127776          1.40    1.19
   94.463394     4   818.814331       4.767424        2.129792          0.12    0.11
   94.463394     5    14.420608       5.411040        3.593536          6.55    4.03
CPU_time(ms) Kernel GPU_time(ms) TransferIn(ms) TransferOut(ms) Speedup_noTrf Speedup
  100.933731     0     0.000000       0.000000        0.000000           inf     inf
  100.933731     1    15.583904       6.977152        8.923232          6.48    3.21
  100.933731     2     1.245184       4.367616        2.586112         81.06   12.31
  100.933731     3    67.247299       4.355648        2.142016          1.50    1.37
  100.933731     4   798.442444       4.870464        2.132640          0.13    0.13
  100.933731     5    14.419648       4.561696        2.785760          7.00    4.64
CPU_time(ms) Kernel GPU_time(ms) TransferIn(ms) TransferOut(ms) Speedup_noTrf Speedup
   92.766014     0     0.000000       0.000000        0.000000           inf     inf
   92.766014     1    15.355904      10.454208        8.558272          6.04    2.70
   92.766014     2     1.261024      10.705568        6.885568         73.56    4.92
   92.766014     3    67.265602      10.726176        2.143168          1.38    1.16
   92.766014     4   798.592590       4.343392        2.096800          0.12    0.12
   92.766014     5    14.419872       4.846912        3.404704          6.43    4.09
CPU_time(ms) Kernel GPU_time(ms) TransferIn(ms) TransferOut(ms) Speedup_noTrf Speedup
   93.225342     0     0.000000       0.000000        0.000000           inf     inf
   93.225342     1    15.356896      10.217696        8.975776          6.07    2.70
   93.225342     2     1.260416      10.696480        7.704672         73.96    4.74
   93.225342     3    67.284988       4.421248        2.185408          1.39    1.26
   93.225342     4   798.399902      10.158848        2.241184          0.12    0.11
   93.225342     5    14.418176       4.474592        3.054912          6.47    4.25
CPU_time(ms) Kernel GPU_time(ms) TransferIn(ms) TransferOut(ms) Speedup_noTrf Speedup
   92.568802     0     0.000000       0.000000        0.000000           inf     inf
   92.568802     1    15.360384       8.001152        9.339232          6.03    2.83
   92.568802     2     1.244384       4.190560        2.134048         74.39   12.23
   92.568802     3    67.232033       4.585152        2.139328          1.38    1.25
   92.568802     4   823.625732      10.086176        2.131072          0.11    0.11
   92.568802     5    14.417920       4.834464        3.418560          6.42    4.08
CPU_time(ms) Kernel GPU_time(ms) TransferIn(ms) TransferOut(ms) Speedup_noTrf Speedup
   94.492828     0     0.000000       0.000000        0.000000           inf     inf
   94.492828     1    15.356896       7.991840        9.424192          6.15    2.88
   94.492828     2     1.243040       4.653760        2.125760         76.02   11.78
   94.492828     3    67.324127      10.074176        2.132448          1.40    1.19
   94.492828     4   798.647217       4.467904        2.125504          0.12    0.12
   94.492828     5    14.418560       4.479104        2.793120          6.55    4.36
CPU_time(ms) Kernel GPU_time(ms) TransferIn(ms) TransferOut(ms) Speedup_noTrf Speedup
   99.926018     0     0.000000       0.000000        0.000000           inf     inf
   99.926018     1    15.360000       9.474048        8.133088          6.51    3.03
   99.926018     2     1.259520      10.770752        6.850976         79.34    5.29
   99.926018     3    67.274818       5.547648        2.152608          1.49    1.33
   99.926018     4   798.165588       4.455680        2.139104          0.13    0.12
   99.926018     5    14.416448       4.616448        2.863776          6.93    4.56
CPU_time(ms) Kernel GPU_time(ms) TransferIn(ms) TransferOut(ms) Speedup_noTrf Speedup
   95.053726     0     0.000000       0.000000        0.000000           inf     inf
   95.053726     1    15.475424       8.167424        9.983552          6.14    2.83
   95.053726     2     1.257472       5.063680        3.535136         75.59    9.64
   95.053726     3    71.027740       4.570080        2.255616          1.34    1.22
   95.053726     4   844.631042      10.447168        2.192192          0.11    0.11
   95.053726     5    14.434816       4.650784        2.224288          6.59    4.46
CPU_time(ms) Kernel GPU_time(ms) TransferIn(ms) TransferOut(ms) Speedup_noTrf Speedup
   92.869629     0     0.000000       0.000000        0.000000           inf     inf
   92.869629     1    15.473312       9.046016        8.095584          6.00    2.85
   92.869629     2     1.269184      10.053920        6.449632         73.17    5.23
   92.869629     3    80.701569      10.051584        2.144480          1.15    1.00
   92.869629     4   837.718018       4.917376        2.104928          0.11    0.11
   92.869629     5    14.441152       5.363808        3.618496          6.43    3.96
CPU_time(ms) Kernel GPU_time(ms) TransferIn(ms) TransferOut(ms) Speedup_noTrf Speedup
   94.840065     0     0.000000       0.000000        0.000000           inf     inf
   94.840065     1    15.466496       9.297312        8.630400          6.13    2.84
   94.840065     2     1.253376       4.324192        2.388992         75.67   11.90
   94.840065     3    67.738174       4.338176        2.157856          1.40    1.28
   94.840065     4   808.422668       4.966112        2.148864          0.12    0.12
   94.840065     5    14.452736      10.605184        5.625792          6.56    3.09
CPU_time(ms) Kernel GPU_time(ms) TransferIn(ms) TransferOut(ms) Speedup_noTrf Speedup
   91.680771     0     0.000000       0.000000        0.000000           inf     inf
   91.680771     1    15.468544       8.973920       10.467648          5.93    2.63
   91.680771     2     1.254976       4.471488        2.802240         73.05   10.75
   91.680771     3    67.745789      10.755808        2.154592          1.35    1.14
   91.680771     4   822.847351       4.740224        2.142016          0.11    0.11
   91.680771     5    14.434016       4.479232        2.789184          6.35    4.22
CPU_time(ms) Kernel GPU_time(ms) TransferIn(ms) TransferOut(ms) Speedup_noTrf Speedup
   92.813309     0     0.000000       0.000000        0.000000           inf     inf
   92.813309     1    15.468544       7.290880        9.500384          6.00    2.88
   92.813309     2     1.251456       4.177088        2.149312         74.16   12.25
   92.813309     3    67.770370       4.288704        2.140640          1.37    1.25
   92.813309     4   819.201660       4.433344        2.126976          0.11    0.11
   92.813309     5    14.439552       4.700992        3.194688          6.43    4.16
CPU_time(ms) Kernel GPU_time(ms) TransferIn(ms) TransferOut(ms) Speedup_noTrf Speedup
   95.920639     0     0.000000       0.000000        0.000000           inf     inf
   95.920639     1    15.466496       5.304736        7.832864          6.20    3.35
   95.920639     2     1.269760      10.133824        7.328832         75.54    5.12
   95.920639     3    67.765572       4.605856        2.220032          1.42    1.29
   95.920639     4   832.538330       4.340064        2.199712          0.12    0.11
   95.920639     5    14.434304       4.246176        2.300864          6.65    4.57
CPU_time(ms) Kernel GPU_time(ms) TransferIn(ms) TransferOut(ms) Speedup_noTrf Speedup
   96.440483     0     0.000000       0.000000        0.000000           inf     inf
   96.440483     1    15.464832       8.264448        8.910752          6.24    2.95
   96.440483     2     1.254976       4.536832        2.862688         76.85   11.14
   96.440483     3    67.742691      10.698560        2.161920          1.42    1.20
   96.440483     4   803.573730       4.725152        2.157632          0.12    0.12
   96.440483     5    14.436992       4.227840        2.399296          6.68    4.58
CPU_time(ms) Kernel GPU_time(ms) TransferIn(ms) TransferOut(ms) Speedup_noTrf Speedup
   94.767105     0     0.000000       0.000000        0.000000           inf     inf
   94.767105     1    15.472352       7.854080        9.953248          6.12    2.85
   94.767105     2     1.258208       4.928352        3.521696         75.32    9.76
   94.767105     3    67.728897      10.768864        2.161504          1.40    1.17
   94.767105     4   804.287964       4.367392        2.143424          0.12    0.12
   94.767105     5    14.438400       4.575360        3.105504          6.56    4.28
CPU_time(ms) Kernel GPU_time(ms) TransferIn(ms) TransferOut(ms) Speedup_noTrf Speedup
   93.519875     0     0.000000       0.000000        0.000000           inf     inf
   93.519875     1    15.462976       6.320160        8.434816          6.05    3.09
   93.519875     2     1.254528       4.485152        2.840672         74.55   10.90
   93.519875     3    67.727364       4.554208        2.145760          1.38    1.26
   93.519875     4   803.790833       4.790304        2.127584          0.12    0.12
   93.519875     5    14.440448       5.459584        3.604256          6.48    3.98
CPU_time(ms) Kernel GPU_time(ms) TransferIn(ms) TransferOut(ms) Speedup_noTrf Speedup
   94.615555     0     0.000000       0.000000        0.000000           inf     inf
   94.615555     1    15.460672       8.035008       10.617888          6.12    2.77
   94.615555     2     1.269760      10.047936        6.451904         74.51    5.32
   94.615555     3    67.745789       4.635360        2.141056          1.40    1.27
   94.615555     4   803.586060       4.881536        2.146208          0.12    0.12
   94.615555     5    14.434880       4.798688        2.139808          6.55    4.43
CPU_time(ms) Kernel GPU_time(ms) TransferIn(ms) TransferOut(ms) Speedup_noTrf Speedup
  102.322044     0     0.000000       0.000000        0.000000           inf     inf
  102.322044     1    15.471840       7.025856        8.727712          6.61    3.28
  102.322044     2     1.252000       4.243264        2.318112         81.73   13.10
  102.322044     3    67.791679      10.472576        2.148832          1.51    1.27
  102.322044     4   803.837952       4.997216        2.137440          0.13    0.13
  102.322044     5    14.440416       4.975840        3.211008          7.09    4.52
CPU_time(ms) Kernel GPU_time(ms) TransferIn(ms) TransferOut(ms) Speedup_noTrf Speedup
   92.067841     0     0.000000       0.000000        0.000000           inf     inf
   92.067841     1    15.470176       7.796576       10.050560          5.95    2.76
   92.067841     2     1.257472       5.008768        3.525888         73.22    9.40
   92.067841     3    67.790276       4.468800        2.203360          1.36    1.24
   92.067841     4   803.644775       5.018624        2.206880          0.11    0.11
   92.067841     5    14.439424       4.708224        3.564192          6.38    4.05
CPU_time(ms) Kernel GPU_time(ms) TransferIn(ms) TransferOut(ms) Speedup_noTrf Speedup
   94.450783     0     0.000000       0.000000        0.000000           inf     inf
   94.450783     1    15.472064       7.686688        9.456384          6.10    2.90
   94.450783     2     1.255168       4.450752        2.820512         75.25   11.08
   94.450783     3    67.766945      10.110784        2.130368          1.39    1.18
   94.450783     4   803.633606       4.223232        2.112704          0.12    0.12
   94.450783     5    14.438912       4.652064        3.037376          6.54    4.27
CPU_time(ms) Kernel GPU_time(ms) TransferIn(ms) TransferOut(ms) Speedup_noTrf Speedup
   93.986977     0     0.000000       0.000000        0.000000           inf     inf
   93.986977     1    15.472960       7.870464        9.778048          6.07    2.84
   93.986977     2     1.257024       5.037696        3.293600         74.77    9.80
   93.986977     3    67.758179       5.599680        2.183648          1.39    1.24
   93.986977     4   841.818115      10.745696        2.062976          0.11    0.11
   93.986977     5    14.431424       4.680512        2.145600          6.51    4.42
CPU_time(ms) Kernel GPU_time(ms) TransferIn(ms) TransferOut(ms) Speedup_noTrf Speedup
   91.801346     0     0.000000       0.000000        0.000000           inf     inf
   91.801346     1    15.468544       7.888896        9.568416          5.93    2.79
   91.801346     2     1.255296       4.481728        2.864800         73.13   10.67
   91.801346     3    67.810974      10.707264        2.175552          1.35    1.14
   91.801346     4   826.595276      10.719456        2.126656          0.11    0.11
   91.801346     5    14.437024       4.653568        3.165824          6.36    4.12
CPU_time(ms) Kernel GPU_time(ms) TransferIn(ms) TransferOut(ms) Speedup_noTrf Speedup
   94.532959     0     0.000000       0.000000        0.000000           inf     inf
   94.532959     1    15.478336       8.081408        9.302752          6.11    2.88
   94.532959     2     1.269312      10.384064        6.675968         74.48    5.16
   94.532959     3    67.756035       4.794016        2.187648          1.40    1.26
   94.532959     4   803.673523       4.454016        2.149472          0.12    0.12
   94.532959     5    14.450720      10.380032        4.998912          6.54    3.17
CPU_time(ms) Kernel GPU_time(ms) TransferIn(ms) TransferOut(ms) Speedup_noTrf Speedup
   96.288765     0     0.000000       0.000000        0.000000           inf     inf
   96.288765     1    15.475520      10.387552        9.987232          6.22    2.69
   96.288765     2     1.251328       4.306016        2.410112         76.95   12.09
   96.288765     3    67.775902      10.089184        2.144960          1.42    1.20
   96.288765     4   803.701416       4.424320        2.137312          0.12    0.12
   96.288765     5    14.435008       4.248960        2.286624          6.67    4.59
CPU_time(ms) Kernel GPU_time(ms) TransferIn(ms) TransferOut(ms) Speedup_noTrf Speedup
   94.865410     0     0.000000       0.000000        0.000000           inf     inf
   94.865410     1    15.474688       7.896608        9.472640          6.13    2.89
   94.865410     2     1.253632       4.620512        2.899776         75.67   10.81
   94.865410     3    67.774307       5.282176        2.160960          1.40    1.26
   94.865410     4   803.646362       4.701408        2.159072          0.12    0.12
   94.865410     5    14.440320       4.682944        2.940832          6.57    4.30
CPU_time(ms) Kernel GPU_time(ms) TransferIn(ms) TransferOut(ms) Speedup_noTrf Speedup
   94.831871     0     0.000000       0.000000        0.000000           inf     inf
   94.831871     1    15.469504       8.929632       10.039776          6.13    2.75
   94.831871     2     1.253824       4.491296        2.897184         75.63   10.97
   94.831871     3    86.982658       4.633792        2.153824          1.09    1.01
   94.831871     4   815.274414      10.362112        2.151488          0.12    0.11
   94.831871     5    14.438400       4.948352        3.243968          6.57    4.19
CPU_time(ms) Kernel GPU_time(ms) TransferIn(ms) TransferOut(ms) Speedup_noTrf Speedup
   93.793373     0     0.000000       0.000000        0.000000           inf     inf
   93.793373     1    15.469216       6.348960        9.022784          6.06    3.04
   93.793373     2     1.269760      10.053472        6.392544         73.87    5.29
   93.793373     3    67.770332      10.039840        2.133344          1.38    1.17
   93.793373     4   808.448364       4.247936        2.137696          0.12    0.12
   93.793373     5    14.432800       4.805472        2.159648          6.50    4.38
CPU_time(ms) Kernel GPU_time(ms) TransferIn(ms) TransferOut(ms) Speedup_noTrf Speedup
   98.126045     0     0.000000       0.000000        0.000000           inf     inf
   98.126045     1    15.468896       6.979072        8.673632          6.34    3.15
   98.126045     2     1.253472       4.309184        2.330368         78.28   12.43
   98.126045     3    67.776672       4.481696        2.146240          1.45    1.32
   98.126045     4   838.466431      10.431200        2.156960          0.12    0.12
   98.126045     5    14.437984       4.820096        3.227744          6.80    4.36
CPU_time(ms) Kernel GPU_time(ms) TransferIn(ms) TransferOut(ms) Speedup_noTrf Speedup
   98.473923     0     0.000000       0.000000        0.000000           inf     inf
   98.473923     1    15.472640       8.942880        8.049440          6.36    3.03
   98.473923     2     1.268256      10.352576        6.690080         77.65    5.38
   98.473923     3    67.777985      10.375808        2.156128          1.45    1.23
   98.473923     4   814.626831       4.454272        2.096768          0.12    0.12
   98.473923     5    14.431520       4.751936        2.133056          6.82    4.62
CPU_time(ms) Kernel GPU_time(ms) TransferIn(ms) TransferOut(ms) Speedup_noTrf Speedup
   94.889984     0     0.000000       0.000000        0.000000           inf     inf
   94.889984     1    15.466496       7.149568        8.734784          6.14    3.03
   94.889984     2     1.268576      10.057696        6.449920         74.80    5.34
   94.889984     3    67.712418       4.637920        2.129600          1.40    1.27
   94.889984     4   803.513672       4.567808        2.119040          0.12    0.12
   94.889984     5    14.437888       4.665088        3.085248          6.57    4.28
CPU_time(ms) Kernel GPU_time(ms) TransferIn(ms) TransferOut(ms) Speedup_noTrf Speedup
   95.557632     0     0.000000       0.000000        0.000000           inf     inf
   95.557632     1    15.479392       9.668608        8.346208          6.17    2.85
   95.557632     2     1.255712       4.994784        3.593376         76.10    9.71
   95.557632     3    67.741699      10.079392        2.129920          1.41    1.20
   95.557632     4   803.704712      10.071008        2.131200          0.12    0.12
   95.557632     5    14.438400       4.773728        3.108224          6.62    4.28
CPU_time(ms) Kernel GPU_time(ms) TransferIn(ms) TransferOut(ms) Speedup_noTrf Speedup
   94.654465     0     0.000000       0.000000        0.000000           inf     inf
   94.654465     1    15.470624       9.284128       11.217696          6.12    2.63
   94.654465     2     1.255424       4.554208        3.317920         75.40   10.37
   94.654465     3    75.348930       4.593504        2.198656          1.26    1.15
   94.654465     4   841.263733       4.310656        2.199264          0.11    0.11
   94.654465     5    14.438368       4.723904        3.410176          6.56    4.19
CPU_time(ms) Kernel GPU_time(ms) TransferIn(ms) TransferOut(ms) Speedup_noTrf Speedup
   99.551231     0     0.000000       0.000000        0.000000           inf     inf
   99.551231     1    15.469984       9.709344        8.206080          6.44    2.98
   99.551231     2     1.270688      10.749760        6.952864         78.34    5.25
   99.551231     3    87.030243      10.800000        2.176192          1.14    1.00
   99.551231     4   816.157776      10.966176        2.029856          0.12    0.12
   99.551231     5    14.433664       4.206912        2.307776          6.90    4.75
CPU_time(ms) Kernel GPU_time(ms) TransferIn(ms) TransferOut(ms) Speedup_noTrf Speedup
   95.820541     0     0.000000       0.000000        0.000000           inf     inf
   95.820541     1    15.472480       7.182496        9.579552          6.19    2.97
   95.820541     2     1.268096      10.167040        7.079520         75.56    5.18
   95.820541     3    67.754944       4.640928        2.206912          1.41    1.28
   95.820541     4   804.699890       4.689632        2.198144          0.12    0.12
   95.820541     5    14.447232       9.114304        6.666560          6.63    3.17
CPU_time(ms) Kernel GPU_time(ms) TransferIn(ms) TransferOut(ms) Speedup_noTrf Speedup
   99.780899     0     0.000000       0.000000        0.000000           inf     inf
   99.780899     1    15.474528       7.131136        9.780800          6.45    3.08
   99.780899     2     1.257472       4.526144        3.030208         79.35   11.32
   99.780899     3    67.749886       4.147136        2.208928          1.47    1.35
   99.780899     4   803.917847       4.650976        2.192704          0.12    0.12
   99.780899     5    14.432352       4.628448        2.222272          6.91    4.69
CPU_time(ms) Kernel GPU_time(ms) TransferIn(ms) TransferOut(ms) Speedup_noTrf Speedup
   94.659363     0     0.000000       0.000000        0.000000           inf     inf
   94.659363     1    15.471040       9.730432        8.337440          6.12    2.82
   94.659363     2     1.259552       5.225664        3.632576         75.15    9.36
   94.659363     3    87.034813       4.780416        2.142208          1.09    1.01
   94.659363     4   816.637939       4.819136        2.111424          0.12    0.11
   94.659363     5    14.437280       4.463296        2.742304          6.56    4.37
CPU_time(ms) Kernel GPU_time(ms) TransferIn(ms) TransferOut(ms) Speedup_noTrf Speedup
   94.228477     0     0.000000       0.000000        0.000000           inf     inf
   94.228477     1    15.472640       7.002112        8.649248          6.09    3.03
   94.228477     2     1.269536      10.733984        6.842944         74.22    5.00
   94.228477     3    69.188866       4.492576        2.182304          1.36    1.24
   94.228477     4   847.638550       4.632768        2.121792          0.11    0.11
   94.228477     5    14.434368       4.417472        2.515776          6.53    4.41
CPU_time(ms) Kernel GPU_time(ms) TransferIn(ms) TransferOut(ms) Speedup_noTrf Speedup
  103.419426     0     0.000000       0.000000        0.000000           inf     inf
  103.419426     1    15.474880       9.237312        8.157184          6.68    3.15
  103.419426     2     1.268608      10.450752        6.654560         81.52    5.63
  103.419426     3    67.693184       4.579808        2.153952          1.53    1.39
  103.419426     4   804.186096      10.467104        2.139968          0.13    0.13
  103.419426     5    14.452992      10.409536        5.117728          7.16    3.45
CPU_time(ms) Kernel GPU_time(ms) TransferIn(ms) TransferOut(ms) Speedup_noTrf Speedup
   98.678947     0     0.000000       0.000000        0.000000           inf     inf
   98.678947     1    15.466784       9.480704        8.179680          6.38    2.98
   98.678947     2     1.594816       7.573152        6.137504         61.87    6.45
   98.678947     3    86.972031      10.093856        2.120032          1.13    0.99
   98.678947     4   838.251099      10.445504        2.057344          0.12    0.12
   98.678947     5    14.432256       4.486528        2.124512          6.84    4.69
CPU_time(ms) Kernel GPU_time(ms) TransferIn(ms) TransferOut(ms) Speedup_noTrf Speedup
   93.748863     0     0.000000       0.000000        0.000000           inf     inf
   93.748863     1    15.472320      10.149056        8.363840          6.06    2.76
   93.748863     2     1.255424       4.687104        2.953120         74.68   10.54
   93.748863     3    67.753983       4.365376        2.149248          1.38    1.26
   93.748863     4   809.129272       4.842848        2.128128          0.12    0.11
   93.748863     5    14.453600      10.724896        4.687840          6.49    3.14
CPU_time(ms) Kernel GPU_time(ms) TransferIn(ms) TransferOut(ms) Speedup_noTrf Speedup
  102.412094     0     0.000000       0.000000        0.000000           inf     inf
  102.412094     1    15.474016       6.759936        8.984576          6.62    3.28
  102.412094     2     1.253408       4.644064        3.105344         81.71   11.38
  102.412094     3    67.737602      10.462528        2.142208          1.51    1.27
  102.412094     4   803.616394       6.121312        2.127136          0.13    0.13
  102.412094     5    14.439072       5.396416        3.629152          7.09    4.36
CPU_time(ms) Kernel GPU_time(ms) TransferIn(ms) TransferOut(ms) Speedup_noTrf Speedup
   92.375038     0     0.000000       0.000000        0.000000           inf     inf
   92.375038     1    15.471360       7.257280        9.550176          5.97    2.86
   92.375038     2     1.255104       4.612000        3.287424         73.60   10.09
   92.375038     3    67.803169      10.723840        2.237856          1.36    1.14
   92.375038     4   842.547180       4.429760        2.178720          0.11    0.11
   92.375038     5    14.454240      10.699392        5.756096          6.39    2.99
CPU_time(ms) Kernel GPU_time(ms) TransferIn(ms) TransferOut(ms) Speedup_noTrf Speedup
   97.108253     0     0.000000       0.000000        0.000000           inf     inf
   97.108253     1    15.468192       7.288448        9.030880          6.28    3.05
   97.108253     2     1.252352       4.463520        2.166176         77.54   12.32
   97.108253     3    67.784706       4.428256        2.135232          1.43    1.31
   97.108253     4   803.794678       4.441024        2.130944          0.12    0.12
   97.108253     5    14.436544       4.498944        2.807392          6.73    4.47
CPU_time(ms) Kernel GPU_time(ms) TransferIn(ms) TransferOut(ms) Speedup_noTrf Speedup
   95.034622     0     0.000000       0.000000        0.000000           inf     inf
   95.034622     1    15.470592       9.393696        8.148160          6.14    2.88
   95.034622     2     1.258912       4.700320        3.141376         75.49   10.44
   95.034622     3    67.730339       4.706976        2.137408          1.40    1.27
   95.034622     4   820.361572       4.771456        2.121536          0.12    0.11
   95.034622     5    14.436832       4.608032        2.963840          6.58    4.32
CPU_time(ms) Kernel GPU_time(ms) TransferIn(ms) TransferOut(ms) Speedup_noTrf Speedup
   98.083740     0     0.000000       0.000000        0.000000           inf     inf
   98.083740     1    15.474944       7.224864        9.529280          6.34    3.04
   98.083740     2     1.257632       5.181088        3.716544         77.99    9.66
   98.083740     3    69.306114       4.246112        2.148192          1.42    1.30
   98.083740     4   848.272278       4.578528        2.140480          0.12    0.11
   98.083740     5    14.434880       4.784064        2.162464          6.79    4.59
CPU_time(ms) Kernel GPU_time(ms) TransferIn(ms) TransferOut(ms) Speedup_noTrf Speedup
   90.464256     0     0.000000       0.000000        0.000000           inf     inf
   90.464256     1    15.476736       9.280384        9.778400          5.85    2.62
   90.464256     2     1.269440      10.088192        6.394528         71.26    5.10
   90.464256     3    86.993217       8.460256        2.136288          1.04    0.93
   90.464256     4   817.825806      10.582304        2.134688          0.11    0.11
   90.464256     5    14.435392       4.203840        2.134688          6.27    4.35
CPU_time(ms) Kernel GPU_time(ms) TransferIn(ms) TransferOut(ms) Speedup_noTrf Speedup
   96.794594     0     0.000000       0.000000        0.000000           inf     inf
   96.794594     1    15.466976       5.863328        9.157184          6.26    3.17
   96.794594     2     1.255456       4.553792        2.835424         77.10   11.20
   96.794594     3    67.723709       5.080128        2.133536          1.43    1.29
   96.794594     4   803.763245       4.583328        2.118048          0.12    0.12
   96.794594     5    14.438688       4.601504        2.985312          6.70    4.39
CPU_time(ms) Kernel GPU_time(ms) TransferIn(ms) TransferOut(ms) Speedup_noTrf Speedup
   95.419746     0     0.000000       0.000000        0.000000           inf     inf
   95.419746     1    15.476704       9.682720        8.251648          6.17    2.86
   95.419746     2     1.255136       4.588448        2.858688         76.02   10.96
   95.419746     3    72.826881       4.547424        2.141088          1.31    1.20
   95.419746     4   845.238525       4.667648        2.094112          0.11    0.11
   95.419746     5    14.442720       5.352864        3.696544          6.61    4.06
CPU_time(ms) Kernel GPU_time(ms) TransferIn(ms) TransferOut(ms) Speedup_noTrf Speedup
   96.778236     0     0.000000       0.000000        0.000000           inf     inf
   96.778236     1    15.470752       6.310144        8.238976          6.26    3.22
   96.778236     2     1.267808      10.050496        6.501120         76.34    5.43
   96.778236     3    67.798973       4.801888        2.176224          1.43    1.29
   96.778236     4   822.473083       4.416928        2.147552          0.12    0.12
   96.778236     5    14.432896       4.423392        2.132160          6.71    4.61
CPU_time(ms) Kernel GPU_time(ms) TransferIn(ms) TransferOut(ms) Speedup_noTrf Speedup
   95.030365     0     0.000000       0.000000        0.000000           inf     inf
   95.030365     1    15.473824       9.451520        9.152928          6.14    2.79
   95.030365     2     1.251328       4.222144        2.151264         75.94   12.46
   95.030365     3    67.794945      10.384704        2.149760          1.40    1.18
   95.030365     4   803.782043       6.296256        2.149376          0.12    0.12
   95.030365     5    14.439264       4.649216        3.144960          6.58    4.27
CPU_time(ms) Kernel GPU_time(ms) TransferIn(ms) TransferOut(ms) Speedup_noTrf Speedup
   90.743614     0     0.000000       0.000000        0.000000           inf     inf
   90.743614     1    15.474432       9.443936       10.110752          5.86    2.59
   90.743614     2     1.256096       4.737632        3.100608         72.24    9.98
   90.743614     3    74.017853       4.784928        2.155488          1.23    1.12
   90.743614     4   843.276306       4.285920        2.141280          0.11    0.11
   90.743614     5    14.438432       4.652640        3.106688          6.28    4.09
CPU_time(ms) Kernel GPU_time(ms) TransferIn(ms) TransferOut(ms) Speedup_noTrf Speedup
   93.267967     0     0.000000       0.000000        0.000000           inf     inf
   93.267967     1    15.474880       9.305024        8.172864          6.03    2.83
   93.267967     2     1.256256       4.951712        3.568128         74.24    9.54
   93.267967     3    84.283203      10.383296        2.145312          1.11    0.96
   93.267967     4   834.158997       4.549696        2.148896          0.11    0.11
   93.267967     5    14.448640       5.066112        3.247904          6.46    4.10
CPU_time(ms) Kernel GPU_time(ms) TransferIn(ms) TransferOut(ms) Speedup_noTrf Speedup
   93.709984     0     0.000000       0.000000        0.000000           inf     inf
   93.709984     1    15.472448       7.664704        9.066144          6.06    2.91
   93.709984     2     1.255232       4.771680        3.001120         74.66   10.38
   93.709984     3    67.796829       4.477152        2.140032          1.38    1.26
   93.709984     4   803.712158       4.512192        2.152096          0.12    0.12
   93.709984     5    14.434528       4.215776        2.331488          6.49    4.47
CPU_time(ms) Kernel GPU_time(ms) TransferIn(ms) TransferOut(ms) Speedup_noTrf Speedup
   94.935043     0     0.000000       0.000000        0.000000           inf     inf
   94.935043     1    15.470592      10.360672        9.032864          6.14    2.72
   94.935043     2     1.596736      10.724640        7.690848         59.46    4.74
   94.935043     3    87.006622      10.739168        2.220032          1.09    0.95
   94.935043     4   834.776489       7.189312        2.143968          0.11    0.11
   94.935043     5    14.436832       4.579552        3.097664          6.58    4.29
CPU_time(ms) Kernel GPU_time(ms) TransferIn(ms) TransferOut(ms) Speedup_noTrf Speedup
   93.203552     0     0.000000       0.000000        0.000000           inf     inf
   93.203552     1    15.475424       9.085120        9.968512          6.02    2.70
   93.203552     2     1.258048       5.386816        3.820800         74.09    8.91
   93.203552     3    67.739937       5.042688        2.161504          1.38    1.24
   93.203552     4   803.911682       4.750720        2.223040          0.12    0.11
   93.203552     5    14.437536       4.469568        2.859136          6.46    4.28
CPU_time(ms) Kernel GPU_time(ms) TransferIn(ms) TransferOut(ms) Speedup_noTrf Speedup
   93.149666     0     0.000000       0.000000        0.000000           inf     inf
   93.149666     1    15.477568      10.644288       10.040672          6.02    2.58
   93.149666     2     1.253728       4.414816        2.586944         74.30   11.28
   93.149666     3    67.732674       4.524832        2.154656          1.38    1.25
   93.149666     4   821.748718       4.514528        2.152192          0.11    0.11
   93.149666     5    14.437984       5.044192        3.356064          6.45    4.08
