CPU_time(ms) Kernel GPU_time(ms) TransferIn(ms) TransferOut(ms) Speedup_noTrf Speedup
   12.435616     0     0.000000       0.000000        0.000000           inf     inf
   12.435616     1     1.679808       0.546208        0.446560          7.40    4.65
   12.435616     2     0.143456       0.604640        0.308704         86.69   11.77
   12.435616     3    24.071615       0.559520        0.333568          0.52    0.50
   12.435616     4    69.252068       0.560160        0.334272          0.18    0.18
   12.435616     5     1.835424       0.614720        0.307584          6.78    4.51
CPU_time(ms) Kernel GPU_time(ms) TransferIn(ms) TransferOut(ms) Speedup_noTrf Speedup
   15.628928     0     0.000000       0.000000        0.000000           inf     inf
   15.628928     1     1.679072       0.559104        0.456928          9.31    5.80
   15.628928     2     0.160896       1.128704        1.236640         97.14    6.19
   15.628928     3    21.925920       0.556544        0.341120          0.71    0.68
   15.628928     4    53.239807       0.551488        0.341472          0.29    0.29
   15.628928     5     1.592320       0.596384        0.313952          9.82    6.24
CPU_time(ms) Kernel GPU_time(ms) TransferIn(ms) TransferOut(ms) Speedup_noTrf Speedup
   15.765408     0     0.000000       0.000000        0.000000           inf     inf
   15.765408     1     1.681632       0.538688        0.439072          9.38    5.93
   15.765408     2     0.139488       0.542560        0.339392        113.02   15.43
   15.765408     3    21.936735       0.534848        0.336416          0.72    0.69
   15.765408     4    53.227615       0.533824        0.340512          0.30    0.29
   15.765408     5     1.595552       0.539296        0.336032          9.88    6.38
CPU_time(ms) Kernel GPU_time(ms) TransferIn(ms) TransferOut(ms) Speedup_noTrf Speedup
   11.383296     0     0.000000       0.000000        0.000000           inf     inf
   11.383296     1     1.680768       0.540832        0.458624          6.77    4.25
   11.383296     2     0.139328       0.546688        0.361184         81.70   10.87
   11.383296     3    21.923361       0.553664        0.418400          0.52    0.50
   11.383296     4    53.205025       0.565760        0.342752          0.21    0.21
   11.383296     5     1.596992       0.543296        0.340832          7.13    4.59
CPU_time(ms) Kernel GPU_time(ms) TransferIn(ms) TransferOut(ms) Speedup_noTrf Speedup
   12.542144     0     0.000000       0.000000        0.000000           inf     inf
   12.542144     1     1.683456       0.560736        0.459584          7.45    4.64
   12.542144     2     0.140928       0.567136        0.382208         89.00   11.50
   12.542144     3    21.946753       0.546112        0.360960          0.57    0.55
   12.542144     4    53.238400       0.539712        0.350688          0.24    0.23
   12.542144     5     1.594944       0.601120        0.316032          7.86    4.99
CPU_time(ms) Kernel GPU_time(ms) TransferIn(ms) TransferOut(ms) Speedup_noTrf Speedup
   11.634912     0     0.000000       0.000000        0.000000           inf     inf
   11.634912     1     1.695744       0.548864        0.434528          6.86    4.34
   11.634912     2     0.156928       1.057216        1.063008         74.14    5.11
   11.634912     3    22.111712       0.571488        0.332896          0.53    0.51
   11.634912     4    53.600834       1.136576        0.327680          0.22    0.21
   11.634912     5     1.595296       0.553600        0.324896          7.29    4.70
CPU_time(ms) Kernel GPU_time(ms) TransferIn(ms) TransferOut(ms) Speedup_noTrf Speedup
   12.050432     0     0.000000       0.000000        0.000000           inf     inf
   12.050432     1     1.695744       0.544768        0.454496          7.11    4.47
   12.050432     2     0.140448       0.546720        0.381344         85.80   11.28
   12.050432     3    22.135201       0.551008        0.392192          0.54    0.52
   12.050432     4    53.614273       0.537216        0.350112          0.22    0.22
   12.050432     5     1.596768       0.557280        0.345888          7.55    4.82
CPU_time(ms) Kernel GPU_time(ms) TransferIn(ms) TransferOut(ms) Speedup_noTrf Speedup
   11.124736     0     0.000000       0.000000        0.000000           inf     inf
   11.124736     1     1.695744       0.562080        0.407008          6.56    4.17
   11.124736     2     0.141024       0.550336        0.332064         78.89   10.87
   11.124736     3    22.071745       0.560192        0.326880          0.50    0.48
   11.124736     4    53.583744       0.558624        0.325824          0.21    0.20
   11.124736     5     1.592064       0.540448        0.325792          6.99    4.53
CPU_time(ms) Kernel GPU_time(ms) TransferIn(ms) TransferOut(ms) Speedup_noTrf Speedup
   11.844256     0     0.000000       0.000000        0.000000           inf     inf
   11.844256     1     1.695456       0.544896        0.444416          6.99    4.41
   11.844256     2     0.139904       0.544448        0.338528         84.66   11.58
   11.844256     3    22.075232       0.539840        0.335168          0.54    0.52
   11.844256     4    53.625919       0.535392        0.335104          0.22    0.22
   11.844256     5     1.593056       0.540096        0.333216          7.43    4.80
CPU_time(ms) Kernel GPU_time(ms) TransferIn(ms) TransferOut(ms) Speedup_noTrf Speedup
   14.546944     0     0.000000       0.000000        0.000000           inf     inf
   14.546944     1     1.696928       0.539264        0.442368          8.57    5.43
   14.546944     2     0.144224       0.601632        0.301920        100.86   13.88
   14.546944     3    22.108225       0.556448        0.326624          0.66    0.63
   14.546944     4    53.602753       0.566496        0.327424          0.27    0.27
   14.546944     5     1.610016       0.972032        0.687584          9.04    4.45
CPU_time(ms) Kernel GPU_time(ms) TransferIn(ms) TransferOut(ms) Speedup_noTrf Speedup
   11.765760     0     0.000000       0.000000        0.000000           inf     inf
   11.765760     1     1.693696       0.545120        0.436128          6.95    4.40
   11.765760     2     0.145408       0.598208        0.319424         80.92   11.07
   11.765760     3    22.110176       0.559584        0.359040          0.53    0.51
   11.765760     4    53.629025       0.562048        0.357216          0.22    0.22
   11.765760     5     1.591424       0.544160        0.357120          7.39    4.72
CPU_time(ms) Kernel GPU_time(ms) TransferIn(ms) TransferOut(ms) Speedup_noTrf Speedup
   11.935744     0     0.000000       0.000000        0.000000           inf     inf
   11.935744     1     1.697088       0.538688        0.438144          7.03    4.46
   11.935744     2     0.141312       0.554048        0.356320         84.46   11.35
   11.935744     3    22.119776       0.618784        0.308192          0.54    0.52
   11.935744     4    53.618271       0.560416        0.332320          0.22    0.22
   11.935744     5     1.597408       0.569664        0.317280          7.47    4.80
CPU_time(ms) Kernel GPU_time(ms) TransferIn(ms) TransferOut(ms) Speedup_noTrf Speedup
   15.160544     0     0.000000       0.000000        0.000000           inf     inf
   15.160544     1     1.707200       0.538624        0.432512          8.88    5.66
   15.160544     2     0.156992       1.062144        1.060288         96.57    6.65
   15.160544     3    22.233088       1.097216        0.467104          0.68    0.64
   15.160544     4    53.940193       0.547744        0.329792          0.28    0.28
   15.160544     5     1.593344       0.541408        0.328512          9.51    6.15
CPU_time(ms) Kernel GPU_time(ms) TransferIn(ms) TransferOut(ms) Speedup_noTrf Speedup
   12.318720     0     0.000000       0.000000        0.000000           inf     inf
   12.318720     1     1.711968       0.597120        0.563424          7.20    4.29
   12.318720     2     0.146208       0.563488        0.352416         84.25   11.60
   12.318720     3    22.245344       0.544032        0.335552          0.55    0.53
   12.318720     4    53.930656       0.543808        0.340160          0.23    0.22
   12.318720     5     1.599328       0.616640        0.305984          7.70    4.88
CPU_time(ms) Kernel GPU_time(ms) TransferIn(ms) TransferOut(ms) Speedup_noTrf Speedup
   12.969984     0     0.000000       0.000000        0.000000           inf     inf
   12.969984     1     1.705760       0.547040        0.420480          7.60    4.85
   12.969984     2     0.157696       1.093088        1.056384         82.25    5.62
   12.969984     3    22.239231       0.569568        0.335936          0.58    0.56
   12.969984     4    53.932480       0.595168        0.305056          0.24    0.24
   12.969984     5     1.612000       0.972448        0.930272          8.05    3.69
CPU_time(ms) Kernel GPU_time(ms) TransferIn(ms) TransferOut(ms) Speedup_noTrf Speedup
   11.235104     0     0.000000       0.000000        0.000000           inf     inf
   11.235104     1     1.708576       0.553152        0.513600          6.58    4.05
   11.235104     2     0.157696       1.076992        1.053024         71.25    4.91
   11.235104     3    22.281857       1.075392        0.463232          0.50    0.47
   11.235104     4    53.951904       0.931488        0.330848          0.21    0.20
   11.235104     5     1.613824       0.991904        0.810272          6.96    3.29
CPU_time(ms) Kernel GPU_time(ms) TransferIn(ms) TransferOut(ms) Speedup_noTrf Speedup
   15.680832     0     0.000000       0.000000        0.000000           inf     inf
   15.680832     1     1.706720       0.540384        0.428928          9.19    5.86
   15.680832     2     0.145856       0.555872        0.348512        107.51   14.93
   15.680832     3    22.269152       0.538272        0.344576          0.70    0.68
   15.680832     4    53.937759       0.541440        0.347360          0.29    0.29
   15.680832     5     1.593376       0.542752        0.347072          9.84    6.31
CPU_time(ms) Kernel GPU_time(ms) TransferIn(ms) TransferOut(ms) Speedup_noTrf Speedup
   11.622400     0     0.000000       0.000000        0.000000           inf     inf
   11.622400     1     1.706752       0.562272        0.444256          6.81    4.28
   11.622400     2     0.143552       0.549824        0.343552         80.96   11.21
   11.622400     3    22.236832       0.536448        0.337984          0.52    0.50
   11.622400     4    53.942657       0.534976        0.339168          0.22    0.21
   11.622400     5     1.599552       0.598912        0.311104          7.27    4.63
CPU_time(ms) Kernel GPU_time(ms) TransferIn(ms) TransferOut(ms) Speedup_noTrf Speedup
   17.478144     0     0.000000       0.000000        0.000000           inf     inf
   17.478144     1     1.710080       0.576320        0.503840         10.22    6.26
   17.478144     2     0.143456       0.573472        0.404256        121.84   15.59
   17.478144     3    22.251520       0.564032        0.379904          0.79    0.75
   17.478144     4    53.941921       0.544416        0.339136          0.32    0.32
   17.478144     5     1.599360       0.597952        0.309408         10.93    6.97
CPU_time(ms) Kernel GPU_time(ms) TransferIn(ms) TransferOut(ms) Speedup_noTrf Speedup
   11.894336     0     0.000000       0.000000        0.000000           inf     inf
   11.894336     1     1.708224       0.541568        0.463360          6.96    4.38
   11.894336     2     0.145984       0.603584        0.315296         81.48   11.17
   11.894336     3    22.237185       0.543104        0.350816          0.53    0.51
   11.894336     4    53.934498       0.540704        0.350304          0.22    0.22
   11.894336     5     1.599008       0.560320        0.354272          7.44    4.73
CPU_time(ms) Kernel GPU_time(ms) TransferIn(ms) TransferOut(ms) Speedup_noTrf Speedup
   10.934016     0     0.000000       0.000000        0.000000           inf     inf
   10.934016     1     1.726368       1.274976        1.601376          6.33    2.38
   10.934016     2     0.143936       0.554656        0.392224         75.96   10.02
   10.934016     3    22.218048       0.539488        0.338752          0.49    0.47
   10.934016     4    53.936577       0.540448        0.335104          0.20    0.20
   10.934016     5     1.593888       0.537408        0.336352          6.86    4.43
CPU_time(ms) Kernel GPU_time(ms) TransferIn(ms) TransferOut(ms) Speedup_noTrf Speedup
   11.382720     0     0.000000       0.000000        0.000000           inf     inf
   11.382720     1     1.706560       0.558496        0.407200          6.67    4.26
   11.382720     2     0.145408       0.559840        0.358432         78.28   10.70
   11.382720     3    22.247007       0.542272        0.339136          0.51    0.49
   11.382720     4    53.970528       0.535744        0.330784          0.21    0.21
   11.382720     5     1.600768       0.600192        0.302912          7.11    4.55
CPU_time(ms) Kernel GPU_time(ms) TransferIn(ms) TransferOut(ms) Speedup_noTrf Speedup
   15.295392     0     0.000000       0.000000        0.000000           inf     inf
   15.295392     1     1.703936       0.550944        0.444320          8.98    5.67
   15.295392     2     0.144064       0.558656        0.345408        106.17   14.59
   15.295392     3    22.294016       0.539712        0.368960          0.69    0.66
   15.295392     4    53.966846       0.556832        0.343552          0.28    0.28
   15.295392     5     1.593664       0.538208        0.339776          9.60    6.19
CPU_time(ms) Kernel GPU_time(ms) TransferIn(ms) TransferOut(ms) Speedup_noTrf Speedup
   11.876960     0     0.000000       0.000000        0.000000           inf     inf
   11.876960     1     1.708672       0.563200        0.471552          6.95    4.33
   11.876960     2     0.145664       0.612032        0.342080         81.54   10.80
   11.876960     3    22.282335       1.124992        0.773920          0.53    0.49
   11.876960     4    53.944256       0.544320        0.328416          0.22    0.22
   11.876960     5     1.598112       0.580512        0.329504          7.43    4.74
CPU_time(ms) Kernel GPU_time(ms) TransferIn(ms) TransferOut(ms) Speedup_noTrf Speedup
   11.136992     0     0.000000       0.000000        0.000000           inf     inf
   11.136992     1     1.710080       0.559104        0.413376          6.51    4.15
   11.136992     2     0.163168       1.205120        1.163104         68.25    4.40
   11.136992     3    22.296673       0.561344        0.347296          0.50    0.48
   11.136992     4    53.957600       0.540960        0.339456          0.21    0.20
   11.136992     5     1.597440       0.604864        0.309632          6.97    4.43
CPU_time(ms) Kernel GPU_time(ms) TransferIn(ms) TransferOut(ms) Speedup_noTrf Speedup
   11.747328     0     0.000000       0.000000        0.000000           inf     inf
   11.747328     1     1.726464       1.248416        1.515296          6.80    2.62
   11.747328     2     0.148512       0.646688        0.424864         79.10    9.63
   11.747328     3    22.292480       1.191904        0.565472          0.53    0.49
   11.747328     4    53.970718       0.595232        0.305856          0.22    0.21
   11.747328     5     1.599200       0.599200        0.305888          7.35    4.69
CPU_time(ms) Kernel GPU_time(ms) TransferIn(ms) TransferOut(ms) Speedup_noTrf Speedup
   11.763840     0     0.000000       0.000000        0.000000           inf     inf
   11.763840     1     1.709504       0.555584        0.438304          6.88    4.35
   11.763840     2     0.144160       0.599936        0.308640         81.60   11.17
   11.763840     3    22.259712       0.548416        0.328608          0.53    0.51
   11.763840     4    53.946465       0.558592        0.328224          0.22    0.21
   11.763840     5     1.595200       0.541536        0.328480          7.37    4.77
CPU_time(ms) Kernel GPU_time(ms) TransferIn(ms) TransferOut(ms) Speedup_noTrf Speedup
   11.621376     0     0.000000       0.000000        0.000000           inf     inf
   11.621376     1     1.707648       0.586464        0.426720          6.81    4.27
   11.621376     2     0.141312       0.549824        0.363072         82.24   11.02
   11.621376     3    22.272768       0.542464        0.345408          0.52    0.50
   11.621376     4    53.953823       0.597216        0.311488          0.22    0.21
   11.621376     5     1.617632       1.131328        1.210048          7.18    2.94
CPU_time(ms) Kernel GPU_time(ms) TransferIn(ms) TransferOut(ms) Speedup_noTrf Speedup
   11.712512     0     0.000000       0.000000        0.000000           inf     inf
   11.712512     1     1.723776       1.205696        1.441920          6.79    2.68
   11.712512     2     0.147392       0.576032        0.385504         79.47   10.56
   11.712512     3    22.257408       0.538656        0.325824          0.53    0.51
   11.712512     4    53.972992       0.558208        0.328576          0.22    0.21
   11.712512     5     1.592896       0.536896        0.325056          7.35    4.77
CPU_time(ms) Kernel GPU_time(ms) TransferIn(ms) TransferOut(ms) Speedup_noTrf Speedup
   11.806720     0     0.000000       0.000000        0.000000           inf     inf
   11.806720     1     1.707520       0.542208        0.440672          6.91    4.39
   11.806720     2     0.144736       0.559840        0.343584         81.57   11.26
   11.806720     3    22.277824       1.121504        1.081280          0.53    0.48
   11.806720     4    53.976192       0.547904        0.324384          0.22    0.22
   11.806720     5     1.599488       0.553280        0.326368          7.38    4.76
CPU_time(ms) Kernel GPU_time(ms) TransferIn(ms) TransferOut(ms) Speedup_noTrf Speedup
   11.475680     0     0.000000       0.000000        0.000000           inf     inf
   11.475680     1     1.708160       0.543456        0.407296          6.72    4.32
   11.475680     2     0.140544       0.542528        0.338016         81.65   11.24
   11.475680     3    22.280191       0.536608        0.330304          0.52    0.50
   11.475680     4    53.988670       0.538688        0.333120          0.21    0.21
   11.475680     5     1.593376       0.540416        0.329728          7.20    4.66
CPU_time(ms) Kernel GPU_time(ms) TransferIn(ms) TransferOut(ms) Speedup_noTrf Speedup
   11.446272     0     0.000000       0.000000        0.000000           inf     inf
   11.446272     1     1.709472       0.543872        0.465728          6.70    4.21
   11.446272     2     0.140192       0.544800        0.368192         81.65   10.87
   11.446272     3    22.250656       0.599232        0.322144          0.51    0.49
   11.446272     4    53.949310       0.558144        0.360896          0.21    0.21
   11.446272     5     1.598528       0.564128        0.364384          7.16    4.53
CPU_time(ms) Kernel GPU_time(ms) TransferIn(ms) TransferOut(ms) Speedup_noTrf Speedup
   11.139648     0     0.000000       0.000000        0.000000           inf     inf
   11.139648     1     1.724288       0.544384        0.434208          6.46    4.12
   11.139648     2     0.141888       0.541760        0.334016         78.51   10.95
   11.139648     3    22.455809       0.535424        0.335808          0.50    0.48
   11.139648     4    54.371902       0.535808        0.333728          0.20    0.20
   11.139648     5     1.597472       0.535648        0.332352          6.97    4.52
CPU_time(ms) Kernel GPU_time(ms) TransferIn(ms) TransferOut(ms) Speedup_noTrf Speedup
   15.323136     0     0.000000       0.000000        0.000000           inf     inf
   15.323136     1     1.721952       0.551168        0.411552          8.90    5.71
   15.323136     2     0.146912       0.559904        0.340576        104.30   14.63
   15.323136     3    22.445633       0.545536        0.327488          0.68    0.66
   15.323136     4    54.391006       0.542304        0.330784          0.28    0.28
   15.323136     5     1.601664       0.598912        0.306176          9.57    6.11
CPU_time(ms) Kernel GPU_time(ms) TransferIn(ms) TransferOut(ms) Speedup_noTrf Speedup
   11.331648     0     0.000000       0.000000        0.000000           inf     inf
   11.331648     1     1.721408       0.542720        0.440928          6.58    4.19
   11.331648     2     0.143040       0.552288        0.366112         79.22   10.68
   11.331648     3    22.446367       0.541408        0.361152          0.50    0.49
   11.331648     4    54.392834       0.600800        0.323488          0.21    0.20
   11.331648     5     1.602560       0.610272        0.320928          7.07    4.47
CPU_time(ms) Kernel GPU_time(ms) TransferIn(ms) TransferOut(ms) Speedup_noTrf Speedup
   11.896096     0     0.000000       0.000000        0.000000           inf     inf
   11.896096     1     1.727904       0.590112        0.579488          6.88    4.11
   11.896096     2     0.147712       0.601984        0.312832         80.54   11.20
   11.896096     3    22.441343       0.543712        0.329664          0.53    0.51
   11.896096     4    54.376450       0.599808        0.305568          0.22    0.22
   11.896096     5     1.601536       0.557568        0.328640          7.43    4.78
CPU_time(ms) Kernel GPU_time(ms) TransferIn(ms) TransferOut(ms) Speedup_noTrf Speedup
   12.777184     0     0.000000       0.000000        0.000000           inf     inf
   12.777184     1     1.723264       0.553632        0.461856          7.41    4.67
   12.777184     2     0.147456       0.601952        0.323456         86.65   11.91
   12.777184     3    22.478176       0.563424        0.373888          0.57    0.55
   12.777184     4    54.401024       1.129472        0.345184          0.23    0.23
   12.777184     5     1.600192       0.598336        0.313888          7.98    5.09
CPU_time(ms) Kernel GPU_time(ms) TransferIn(ms) TransferOut(ms) Speedup_noTrf Speedup
   11.722848     0     0.000000       0.000000        0.000000           inf     inf
   11.722848     1     1.723296       0.559104        0.441600          6.80    4.30
   11.722848     2     0.141312       0.546272        0.338592         82.96   11.42
   11.722848     3    22.440161       0.539008        0.335584          0.52    0.50
   11.722848     4    54.398975       0.599968        0.307520          0.22    0.21
   11.722848     5     1.615872       0.995904        0.976704          7.25    3.27
CPU_time(ms) Kernel GPU_time(ms) TransferIn(ms) TransferOut(ms) Speedup_noTrf Speedup
   11.348064     0     0.000000       0.000000        0.000000           inf     inf
   11.348064     1     1.723552       0.540672        0.435104          6.58    4.20
   11.348064     2     0.147456       0.605600        0.313248         76.96   10.64
   11.348064     3    22.450176       0.545248        0.332928          0.51    0.49
   11.348064     4    54.374882       0.535040        0.326048          0.21    0.21
   11.348064     5     1.600416       0.556576        0.324960          7.09    4.57
CPU_time(ms) Kernel GPU_time(ms) TransferIn(ms) TransferOut(ms) Speedup_noTrf Speedup
   12.099648     0     0.000000       0.000000        0.000000           inf     inf
   12.099648     1     1.723168       0.581312        0.456768          7.02    4.38
   12.099648     2     0.146944       0.554880        0.348064         82.34   11.52
   12.099648     3    22.470655       0.537472        0.345376          0.54    0.52
   12.099648     4    54.382305       0.561632        0.346816          0.22    0.22
   12.099648     5     1.602368       0.599424        0.314400          7.55    4.81
CPU_time(ms) Kernel GPU_time(ms) TransferIn(ms) TransferOut(ms) Speedup_noTrf Speedup
   13.116832     0     0.000000       0.000000        0.000000           inf     inf
   13.116832     1     1.724224       0.569120        0.438432          7.61    4.80
   13.116832     2     0.143104       0.556064        0.333440         91.66   12.70
   13.116832     3    22.460257       0.537600        0.331424          0.58    0.56
   13.116832     4    54.383968       0.556896        0.326080          0.24    0.24
   13.116832     5     1.596096       0.544128        0.326432          8.22    5.32
CPU_time(ms) Kernel GPU_time(ms) TransferIn(ms) TransferOut(ms) Speedup_noTrf Speedup
   11.970560     0     0.000000       0.000000        0.000000           inf     inf
   11.970560     1     1.721248       0.536096        0.456736          6.95    4.41
   11.970560     2     0.143168       0.543232        0.362144         83.61   11.42
   11.970560     3    22.458817       0.532832        0.380416          0.53    0.51
   11.970560     4    54.375584       0.555104        0.344224          0.22    0.22
   11.970560     5     1.597440       0.537216        0.344768          7.49    4.83
CPU_time(ms) Kernel GPU_time(ms) TransferIn(ms) TransferOut(ms) Speedup_noTrf Speedup
   12.305984     0     0.000000       0.000000        0.000000           inf     inf
   12.305984     1     1.722368       0.555008        0.435392          7.14    4.54
   12.305984     2     0.141312       0.543680        0.336704         87.08   12.04
   12.305984     3    22.491297       0.535456        0.338304          0.55    0.53
   12.305984     4    54.378593       0.543360        0.339584          0.23    0.22
   12.305984     5     1.601312       0.554720        0.335040          7.68    4.94
CPU_time(ms) Kernel GPU_time(ms) TransferIn(ms) TransferOut(ms) Speedup_noTrf Speedup
   11.840544     0     0.000000       0.000000        0.000000           inf     inf
   11.840544     1     1.723520       0.536896        0.417024          6.87    4.42
   11.840544     2     0.142944       0.539488        0.347040         82.83   11.50
   11.840544     3    22.434689       1.150560        0.700544          0.53    0.49
   11.840544     4    54.366528       0.605920        0.309152          0.22    0.21
   11.840544     5     1.601920       0.555520        0.344224          7.39    4.73
CPU_time(ms) Kernel GPU_time(ms) TransferIn(ms) TransferOut(ms) Speedup_noTrf Speedup
   10.971136     0     0.000000       0.000000        0.000000           inf     inf
   10.971136     1     1.721664       0.551264        0.405600          6.37    4.10
   10.971136     2     0.142496       0.537472        0.330144         76.99   10.86
   10.971136     3    22.442656       0.534784        0.342144          0.49    0.47
   10.971136     4    54.368385       0.535840        0.329856          0.20    0.20
   10.971136     5     1.603040       0.606816        0.305184          6.84    4.36
CPU_time(ms) Kernel GPU_time(ms) TransferIn(ms) TransferOut(ms) Speedup_noTrf Speedup
   11.614848     0     0.000000       0.000000        0.000000           inf     inf
   11.614848     1     1.722912       0.556288        0.447616          6.74    4.26
   11.614848     2     0.146240       0.603744        0.320224         79.42   10.85
   11.614848     3    22.447264       0.569120        0.331168          0.52    0.50
   11.614848     4    54.408222       1.170784        0.329920          0.21    0.21
   11.614848     5     1.595456       0.551008        0.328896          7.28    4.69
CPU_time(ms) Kernel GPU_time(ms) TransferIn(ms) TransferOut(ms) Speedup_noTrf Speedup
   11.748544     0     0.000000       0.000000        0.000000           inf     inf
   11.748544     1     1.723968       0.540384        0.466752          6.81    4.30
   11.748544     2     0.147840       0.574272        0.358976         79.47   10.87
   11.748544     3    22.497280       1.053024        0.741472          0.52    0.48
   11.748544     4    54.390305       0.570912        0.335680          0.22    0.21
   11.748544     5     1.602016       0.554944        0.342624          7.33    4.70
CPU_time(ms) Kernel GPU_time(ms) TransferIn(ms) TransferOut(ms) Speedup_noTrf Speedup
   11.532800     0     0.000000       0.000000        0.000000           inf     inf
   11.532800     1     1.724864       0.560896        0.445760          6.69    4.22
   11.532800     2     0.145472       0.556384        0.338624         79.28   11.08
   11.532800     3    22.441248       0.545600        0.341536          0.51    0.49
   11.532800     4    54.390911       0.536000        0.342080          0.21    0.21
   11.532800     5     1.601536       0.613696        0.309440          7.20    4.57
CPU_time(ms) Kernel GPU_time(ms) TransferIn(ms) TransferOut(ms) Speedup_noTrf Speedup
   10.563584     0     0.000000       0.000000        0.000000           inf     inf
   10.563584     1     1.725536       0.550240        0.431872          6.12    3.90
   10.563584     2     0.148608       0.612928        0.334336         71.08    9.64
   10.563584     3    22.437887       0.569920        0.356256          0.47    0.45
   10.563584     4    54.377342       0.540320        0.334208          0.19    0.19
   10.563584     5     1.599488       0.545248        0.335424          6.60    4.26
CPU_time(ms) Kernel GPU_time(ms) TransferIn(ms) TransferOut(ms) Speedup_noTrf Speedup
   11.298528     0     0.000000       0.000000        0.000000           inf     inf
   11.298528     1     1.724064       0.555008        0.434880          6.55    4.16
   11.298528     2     0.145408       0.558496        0.332096         77.70   10.91
   11.298528     3    22.456160       0.546432        0.335200          0.50    0.48
   11.298528     4    54.374783       0.555872        0.334848          0.21    0.20
   11.298528     5     1.601632       0.559680        0.333952          7.05    4.53
CPU_time(ms) Kernel GPU_time(ms) TransferIn(ms) TransferOut(ms) Speedup_noTrf Speedup
   10.807296     0     0.000000       0.000000        0.000000           inf     inf
   10.807296     1     1.740800       1.359552        1.633792          6.21    2.28
   10.807296     2     0.163008       1.157184        1.113120         66.30    4.44
   10.807296     3    22.461985       0.607360        0.308640          0.48    0.46
   10.807296     4    54.362720       0.556448        0.332064          0.20    0.20
   10.807296     5     1.601856       0.555072        0.329760          6.75    4.35
CPU_time(ms) Kernel GPU_time(ms) TransferIn(ms) TransferOut(ms) Speedup_noTrf Speedup
   11.946560     0     0.000000       0.000000        0.000000           inf     inf
   11.946560     1     1.734944       0.587776        0.564768          6.89    4.14
   11.946560     2     0.147456       0.560544        0.341792         81.02   11.38
   11.946560     3    22.598593       0.549120        0.330464          0.53    0.51
   11.946560     4    54.747520       0.597024        0.303936          0.22    0.21
   11.946560     5     1.604704       0.600992        0.304832          7.44    4.76
CPU_time(ms) Kernel GPU_time(ms) TransferIn(ms) TransferOut(ms) Speedup_noTrf Speedup
   14.993408     0     0.000000       0.000000        0.000000           inf     inf
   14.993408     1     1.736384       0.540672        0.445696          8.63    5.51
   14.993408     2     0.149408       0.599552        0.310656        100.35   14.15
   14.993408     3    22.609921       0.547584        0.328384          0.66    0.64
   14.993408     4    54.769505       1.104512        0.342112          0.27    0.27
   14.993408     5     1.597440       0.532640        0.328736          9.39    6.10
CPU_time(ms) Kernel GPU_time(ms) TransferIn(ms) TransferOut(ms) Speedup_noTrf Speedup
   12.290048     0     0.000000       0.000000        0.000000           inf     inf
   12.290048     1     1.737248       0.546944        0.482112          7.07    4.44
   12.290048     2     0.149184       0.605632        0.335040         82.38   11.28
   12.290048     3    22.599360       0.556352        0.346208          0.54    0.52
   12.290048     4    54.762623       0.559072        0.337120          0.22    0.22
   12.290048     5     1.603264       0.599840        0.307360          7.67    4.90
CPU_time(ms) Kernel GPU_time(ms) TransferIn(ms) TransferOut(ms) Speedup_noTrf Speedup
   14.999520     0     0.000000       0.000000        0.000000           inf     inf
   14.999520     1     1.736224       0.536576        0.418912          8.64    5.57
   14.999520     2     0.143360       0.539360        0.341184        104.63   14.65
   14.999520     3    22.632065       0.541440        0.338816          0.66    0.64
   14.999520     4    54.759422       1.100928        0.335904          0.27    0.27
   14.999520     5     1.603072       0.599072        0.308640          9.36    5.97
CPU_time(ms) Kernel GPU_time(ms) TransferIn(ms) TransferOut(ms) Speedup_noTrf Speedup
   12.573248     0     0.000000       0.000000        0.000000           inf     inf
   12.573248     1     1.736576       0.545664        0.416192          7.24    4.66
   12.573248     2     0.143168       0.546048        0.345632         87.82   12.15
   12.573248     3    22.638369       0.539488        0.338752          0.56    0.53
   12.573248     4    54.772961       1.236608        0.338976          0.23    0.22
   12.573248     5     1.603680       0.598016        0.307392          7.84    5.01
CPU_time(ms) Kernel GPU_time(ms) TransferIn(ms) TransferOut(ms) Speedup_noTrf Speedup
   14.700544     0     0.000000       0.000000        0.000000           inf     inf
   14.700544     1     1.737376       0.552480        0.432736          8.46    5.40
   14.700544     2     0.147584       0.596864        0.311968         99.61   13.92
   14.700544     3    22.639423       0.560928        0.337568          0.65    0.62
   14.700544     4    54.746944       0.609184        0.301216          0.27    0.26
   14.700544     5     1.604992       0.597952        0.303776          9.16    5.86
CPU_time(ms) Kernel GPU_time(ms) TransferIn(ms) TransferOut(ms) Speedup_noTrf Speedup
   12.736192     0     0.000000       0.000000        0.000000           inf     inf
   12.736192     1     1.736704       0.562240        0.418976          7.33    4.69
   12.736192     2     0.148320       0.605536        0.319584         85.87   11.86
   12.736192     3    22.604288       0.606688        0.308448          0.56    0.54
   12.736192     4    54.747070       0.601056        0.305248          0.23    0.23
   12.736192     5     1.605152       0.560224        0.335872          7.93    5.09
CPU_time(ms) Kernel GPU_time(ms) TransferIn(ms) TransferOut(ms) Speedup_noTrf Speedup
   12.208128     0     0.000000       0.000000        0.000000           inf     inf
   12.208128     1     1.734656       0.565248        0.458816          7.04    4.43
   12.208128     2     0.147904       0.559872        0.356064         82.54   11.48
   12.208128     3    22.647137       0.607936        0.309600          0.54    0.52
   12.208128     4    54.755329       0.555456        0.334560          0.22    0.22
   12.208128     5     1.601216       0.539904        0.331168          7.62    4.94
CPU_time(ms) Kernel GPU_time(ms) TransferIn(ms) TransferOut(ms) Speedup_noTrf Speedup
   13.189088     0     0.000000       0.000000        0.000000           inf     inf
   13.189088     1     1.736288       0.555232        0.403712          7.60    4.89
   13.189088     2     0.147552       0.599168        0.302816         89.39   12.57
   13.189088     3    22.633024       0.599584        0.304768          0.58    0.56
   13.189088     4    54.746880       0.601120        0.303072          0.24    0.24
   13.189088     5     1.617696       0.984320        0.895392          8.15    3.77
CPU_time(ms) Kernel GPU_time(ms) TransferIn(ms) TransferOut(ms) Speedup_noTrf Speedup
   12.429312     0     0.000000       0.000000        0.000000           inf     inf
   12.429312     1     1.736704       0.541536        0.459008          7.16    4.54
   12.429312     2     0.145376       0.546592        0.361920         85.50   11.79
   12.429312     3    22.607872       0.544288        0.341312          0.55    0.53
   12.429312     4    54.746849       0.574016        0.333280          0.23    0.22
   12.429312     5     1.605632       0.612224        0.302816          7.74    4.93
CPU_time(ms) Kernel GPU_time(ms) TransferIn(ms) TransferOut(ms) Speedup_noTrf Speedup
   11.237376     0     0.000000       0.000000        0.000000           inf     inf
   11.237376     1     1.736704       0.550912        0.429664          6.47    4.14
   11.237376     2     0.143360       0.540000        0.345536         78.39   10.92
   11.237376     3    22.652927       1.091488        0.737952          0.50    0.46
   11.237376     4    54.763519       0.598464        0.310208          0.21    0.20
   11.237376     5     1.604384       0.592352        0.310528          7.00    4.48
CPU_time(ms) Kernel GPU_time(ms) TransferIn(ms) TransferOut(ms) Speedup_noTrf Speedup
   11.255936     0     0.000000       0.000000        0.000000           inf     inf
   11.255936     1     1.734656       0.559840        0.436704          6.49    4.12
   11.255936     2     0.144576       0.549600        0.338304         77.85   10.90
   11.255936     3    22.619776       0.543424        0.336832          0.50    0.48
   11.255936     4    54.749184       0.596128        0.304288          0.21    0.20
   11.255936     5     1.605632       0.598560        0.305792          7.01    4.48
CPU_time(ms) Kernel GPU_time(ms) TransferIn(ms) TransferOut(ms) Speedup_noTrf Speedup
   11.054848     0     0.000000       0.000000        0.000000           inf     inf
   11.054848     1     1.735488       0.539424        0.465376          6.37    4.03
   11.054848     2     0.144992       0.558112        0.398048         76.24   10.04
   11.054848     3    22.607231       0.598592        0.326496          0.49    0.47
   11.054848     4    54.748192       0.554592        0.353536          0.20    0.20
   11.054848     5     1.599232       0.537856        0.354368          6.91    4.44
CPU_time(ms) Kernel GPU_time(ms) TransferIn(ms) TransferOut(ms) Speedup_noTrf Speedup
   11.194624     0     0.000000       0.000000        0.000000           inf     inf
   11.194624     1     1.735264       0.556640        0.436928          6.45    4.10
   11.194624     2     0.148864       0.602080        0.322144         75.20   10.43
   11.194624     3    22.608320       0.549184        0.358752          0.50    0.48
   11.194624     4    54.743904       0.557920        0.357952          0.20    0.20
   11.194624     5     1.600384       0.576864        0.356960          6.99    4.42
CPU_time(ms) Kernel GPU_time(ms) TransferIn(ms) TransferOut(ms) Speedup_noTrf Speedup
   11.429952     0     0.000000       0.000000        0.000000           inf     inf
   11.429952     1     1.734720       0.537344        0.439680          6.59    4.21
   11.429952     2     0.144416       0.538304        0.334336         79.15   11.24
   11.429952     3    22.632896       1.041696        0.641024          0.51    0.47
   11.429952     4    54.749184       0.533920        0.328960          0.21    0.21
   11.429952     5     1.604320       0.557888        0.326816          7.12    4.59
CPU_time(ms) Kernel GPU_time(ms) TransferIn(ms) TransferOut(ms) Speedup_noTrf Speedup
   11.655712     0     0.000000       0.000000        0.000000           inf     inf
   11.655712     1     1.735392       0.561440        0.496992          6.72    4.17
   11.655712     2     0.143072       0.543104        0.376896         81.47   10.96
   11.655712     3    22.609600       0.541344        0.366112          0.52    0.50
   11.655712     4    54.749184       0.601376        0.320800          0.21    0.21
   11.655712     5     1.604128       0.602176        0.321984          7.27    4.61
CPU_time(ms) Kernel GPU_time(ms) TransferIn(ms) TransferOut(ms) Speedup_noTrf Speedup
   13.489248     0     0.000000       0.000000        0.000000           inf     inf
   13.489248     1     1.733024       0.591360        0.447104          7.78    4.87
   13.489248     2     0.143296       0.544320        0.350176         94.14   13.00
   13.489248     3    22.605280       0.537344        0.340320          0.60    0.57
   13.489248     4    54.754177       0.535648        0.339936          0.25    0.24
   13.489248     5     1.599520       0.538144        0.340448          8.43    5.44
CPU_time(ms) Kernel GPU_time(ms) TransferIn(ms) TransferOut(ms) Speedup_noTrf Speedup
   12.322656     0     0.000000       0.000000        0.000000           inf     inf
   12.322656     1     1.738528       0.577920        0.584736          7.09    4.25
   12.322656     2     0.165440       1.179136        1.117344         74.48    5.01
   12.322656     3    22.607712       0.614144        0.313344          0.55    0.52
   12.322656     4    54.768032       0.599328        0.306400          0.22    0.22
   12.322656     5     1.605568       0.606432        0.304416          7.67    4.90
CPU_time(ms) Kernel GPU_time(ms) TransferIn(ms) TransferOut(ms) Speedup_noTrf Speedup
   11.073536     0     0.000000       0.000000        0.000000           inf     inf
   11.073536     1     1.734880       0.557024        0.450656          6.38    4.04
   11.073536     2     0.143264       0.553152        0.353248         77.29   10.55
   11.073536     3    22.609921       0.552384        0.350528          0.49    0.47
   11.073536     4    54.785473       1.132448        0.344064          0.20    0.20
   11.073536     5     1.613408       0.906432        0.996992          6.86    3.15
CPU_time(ms) Kernel GPU_time(ms) TransferIn(ms) TransferOut(ms) Speedup_noTrf Speedup
   11.740704     0     0.000000       0.000000        0.000000           inf     inf
   11.740704     1     1.736704       0.552960        0.468384          6.76    4.26
   11.740704     2     0.165824       1.130272        1.254400         70.80    4.60
   11.740704     3    22.639521       0.553792        0.349760          0.52    0.50
   11.740704     4    54.743298       0.556608        0.345344          0.21    0.21
   11.740704     5     1.603328       0.597952        0.313984          7.32    4.67
CPU_time(ms) Kernel GPU_time(ms) TransferIn(ms) TransferOut(ms) Speedup_noTrf Speedup
   12.652832     0     0.000000       0.000000        0.000000           inf     inf
   12.652832     1     1.736128       0.550336        0.441280          7.29    4.64
   12.652832     2     0.147456       0.558336        0.328640         85.81   12.23
   12.652832     3    22.626305       0.552576        0.328864          0.56    0.54
   12.652832     4    54.752159       0.648704        0.300832          0.23    0.23
   12.652832     5     1.603712       0.600256        0.301664          7.89    5.05
CPU_time(ms) Kernel GPU_time(ms) TransferIn(ms) TransferOut(ms) Speedup_noTrf Speedup
   11.464224     0     0.000000       0.000000        0.000000           inf     inf
   11.464224     1     1.736352       0.546816        0.442624          6.60    4.21
   11.464224     2     0.143904       0.541664        0.344480         79.67   11.13
   11.464224     3    22.635263       0.531584        0.335648          0.51    0.49
   11.464224     4    54.761665       0.605664        0.322816          0.21    0.21
   11.464224     5     1.616960       0.995488        0.943776          7.09    3.22
CPU_time(ms) Kernel GPU_time(ms) TransferIn(ms) TransferOut(ms) Speedup_noTrf Speedup
   11.199872     0     0.000000       0.000000        0.000000           inf     inf
   11.199872     1     1.735232       0.548384        0.443744          6.45    4.11
   11.199872     2     0.145120       0.543680        0.339296         77.18   10.89
   11.199872     3    22.601664       0.544192        0.332704          0.50    0.48
   11.199872     4    54.747135       0.540800        0.332032          0.20    0.20
   11.199872     5     1.605120       0.599840        0.309632          6.98    4.45
CPU_time(ms) Kernel GPU_time(ms) TransferIn(ms) TransferOut(ms) Speedup_noTrf Speedup
   12.826560     0     0.000000       0.000000        0.000000           inf     inf
   12.826560     1     1.736704       0.538624        0.450944          7.39    4.70
   12.826560     2     0.143360       0.543712        0.364480         89.47   12.20
   12.826560     3    22.610399       0.533920        0.348128          0.57    0.55
   12.826560     4    54.755329       0.557344        0.345568          0.23    0.23
   12.826560     5     1.604128       0.595712        0.313888          8.00    5.10
CPU_time(ms) Kernel GPU_time(ms) TransferIn(ms) TransferOut(ms) Speedup_noTrf Speedup
   13.504512     0     0.000000       0.000000        0.000000           inf     inf
   13.504512     1     1.736704       0.546624        0.501344          7.78    4.85
   13.504512     2     0.144800       0.555008        0.370944         93.26   12.61
   13.504512     3    22.621759       0.545056        0.341344          0.60    0.57
   13.504512     4    54.751583       0.532608        0.336480          0.25    0.24
   13.504512     5     1.604544       0.613408        0.302656          8.42    5.36
CPU_time(ms) Kernel GPU_time(ms) TransferIn(ms) TransferOut(ms) Speedup_noTrf Speedup
   11.287360     0     0.000000       0.000000        0.000000           inf     inf
   11.287360     1     1.737248       0.575488        0.658368          6.50    3.80
   11.287360     2     0.144288       0.550304        0.409088         78.23   10.23
   11.287360     3    22.609568       0.552640        0.395296          0.50    0.48
   11.287360     4    54.751232       0.562656        0.357696          0.21    0.20
   11.287360     5     1.605408       0.559552        0.358080          7.03    4.47
CPU_time(ms) Kernel GPU_time(ms) TransferIn(ms) TransferOut(ms) Speedup_noTrf Speedup
   12.283904     0     0.000000       0.000000        0.000000           inf     inf
   12.283904     1     1.735776       0.553728        0.450016          7.08    4.48
   12.283904     2     0.143392       0.545344        0.345312         85.67   11.88
   12.283904     3    22.609505       0.540032        0.339968          0.54    0.52
   12.283904     4    54.750786       0.542400        0.341728          0.22    0.22
   12.283904     5     1.599840       0.541312        0.340064          7.68    4.95
CPU_time(ms) Kernel GPU_time(ms) TransferIn(ms) TransferOut(ms) Speedup_noTrf Speedup
   13.172736     0     0.000000       0.000000        0.000000           inf     inf
   13.172736     1     1.736704       0.544128        0.437632          7.58    4.85
   13.172736     2     0.147456       0.560640        0.347104         89.33   12.48
   13.172736     3    22.655169       1.169440        0.681472          0.58    0.54
   13.172736     4    54.771393       0.561408        0.334176          0.24    0.24
   13.172736     5     1.600800       0.552576        0.332224          8.23    5.30
CPU_time(ms) Kernel GPU_time(ms) TransferIn(ms) TransferOut(ms) Speedup_noTrf Speedup
   12.290048     0     0.000000       0.000000        0.000000           inf     inf
   12.290048     1     1.737440       0.559264        0.436032          7.07    4.50
   12.290048     2     0.148800       0.559392        0.327936         82.59   11.86
   12.290048     3    22.630400       0.551648        0.326496          0.54    0.52
   12.290048     4    54.753281       0.598496        0.302112          0.22    0.22
   12.290048     5     1.623136       1.129632        1.070528          7.57    3.21
CPU_time(ms) Kernel GPU_time(ms) TransferIn(ms) TransferOut(ms) Speedup_noTrf Speedup
   11.129152     0     0.000000       0.000000        0.000000           inf     inf
   11.129152     1     1.738592       0.544736        0.459296          6.40    4.06
   11.129152     2     0.147680       0.565888        0.356256         75.36   10.40
   11.129152     3    22.620224       0.542336        0.328000          0.49    0.47
   11.129152     4    54.766014       0.601280        0.305792          0.20    0.20
   11.129152     5     1.605600       0.601664        0.304416          6.93    4.43
CPU_time(ms) Kernel GPU_time(ms) TransferIn(ms) TransferOut(ms) Speedup_noTrf Speedup
   12.087296     0     0.000000       0.000000        0.000000           inf     inf
   12.087296     1     1.736640       0.561152        0.439328          6.96    4.42
   12.087296     2     0.143360       0.557984        0.347840         84.31   11.52
   12.087296     3    22.611967       0.543648        0.334592          0.53    0.51
   12.087296     4    54.775646       0.599040        0.301792          0.22    0.22
   12.087296     5     1.604864       0.560608        0.325920          7.53    4.85
CPU_time(ms) Kernel GPU_time(ms) TransferIn(ms) TransferOut(ms) Speedup_noTrf Speedup
   11.094240     0     0.000000       0.000000        0.000000           inf     inf
   11.094240     1     1.751040       1.381504        1.666624          6.34    2.31
   11.094240     2     0.150784       0.600832        0.441312         73.58    9.30
   11.094240     3    22.629824       0.548032        0.388736          0.49    0.47
   11.094240     4    54.773056       1.243584        0.359712          0.20    0.20
   11.094240     5     1.622016       1.175808        0.951040          6.84    2.96
CPU_time(ms) Kernel GPU_time(ms) TransferIn(ms) TransferOut(ms) Speedup_noTrf Speedup
   11.984512     0     0.000000       0.000000        0.000000           inf     inf
   11.984512     1     1.734656       0.546816        0.441120          6.91    4.40
   11.984512     2     0.166464       1.161920        1.060352         71.99    5.02
   11.984512     3    22.625568       0.611360        0.306272          0.53    0.51
   11.984512     4    54.761471       1.133824        0.325184          0.22    0.21
   11.984512     5     1.603776       0.560640        0.324288          7.47    4.82
CPU_time(ms) Kernel GPU_time(ms) TransferIn(ms) TransferOut(ms) Speedup_noTrf Speedup
   11.876352     0     0.000000       0.000000        0.000000           inf     inf
   11.876352     1     1.756288       1.311936        1.574592          6.76    2.56
   11.876352     2     0.148192       0.577504        0.382112         80.14   10.72
   11.876352     3    22.614208       0.544960        0.326560          0.53    0.51
   11.876352     4    54.753281       0.564032        0.328512          0.22    0.21
   11.876352     5     1.605632       0.559616        0.327680          7.40    4.76
CPU_time(ms) Kernel GPU_time(ms) TransferIn(ms) TransferOut(ms) Speedup_noTrf Speedup
   11.444320     0     0.000000       0.000000        0.000000           inf     inf
   11.444320     1     1.736704       0.551584        0.434144          6.59    4.20
   11.444320     2     0.144192       0.546752        0.354144         79.37   10.95
   11.444320     3    22.579584       0.543776        0.340960          0.51    0.49
   11.444320     4    54.754658       0.542624        0.330112          0.21    0.21
   11.444320     5     1.605632       0.555968        0.330400          7.13    4.59
CPU_time(ms) Kernel GPU_time(ms) TransferIn(ms) TransferOut(ms) Speedup_noTrf Speedup
   12.530144     0     0.000000       0.000000        0.000000           inf     inf
   12.530144     1     1.738400       0.594592        0.586688          7.21    4.29
   12.530144     2     0.149056       0.598112        0.311136         84.06   11.84
   12.530144     3    22.636768       1.162752        0.654432          0.55    0.51
   12.530144     4    54.761856       0.602176        0.304992          0.23    0.23
   12.530144     5     1.603584       0.593024        0.303328          7.81    5.01
CPU_time(ms) Kernel GPU_time(ms) TransferIn(ms) TransferOut(ms) Speedup_noTrf Speedup
   12.562464     0     0.000000       0.000000        0.000000           inf     inf
   12.562464     1     1.736288       0.548864        0.430048          7.24    4.63
   12.562464     2     0.147616       0.561184        0.351648         85.10   11.85
   12.562464     3    22.646591       1.066368        0.658240          0.55    0.52
   12.562464     4    54.761311       1.124864        0.384736          0.23    0.22
   12.562464     5     1.602240       0.597568        0.303008          7.84    5.02
CPU_time(ms) Kernel GPU_time(ms) TransferIn(ms) TransferOut(ms) Speedup_noTrf Speedup
   12.572672     0     0.000000       0.000000        0.000000           inf     inf
   12.572672     1     1.737312       0.553056        0.471232          7.24    4.55
   12.572672     2     0.143136       0.548256        0.367456         87.84   11.87
   12.572672     3    22.626944       0.542016        0.362144          0.56    0.53
   12.572672     4    54.751137       0.541696        0.363296          0.23    0.23
   12.572672     5     1.605504       0.559648        0.358688          7.83    4.98
CPU_time(ms) Kernel GPU_time(ms) TransferIn(ms) TransferOut(ms) Speedup_noTrf Speedup
   11.431936     0     0.000000       0.000000        0.000000           inf     inf
   11.431936     1     1.755136       1.221344        1.488512          6.51    2.56
   11.431936     2     0.145408       0.556736        0.395712         78.62   10.41
   11.431936     3    22.589439       0.540256        0.341664          0.51    0.49
   11.431936     4    54.747009       0.544224        0.335712          0.21    0.21
   11.431936     5     1.603584       0.556032        0.332256          7.13    4.59
CPU_time(ms) Kernel GPU_time(ms) TransferIn(ms) TransferOut(ms) Speedup_noTrf Speedup
   11.132928     0     0.000000       0.000000        0.000000           inf     inf
   11.132928     1     1.735456       0.544800        0.438976          6.41    4.09
   11.132928     2     0.147808       0.598848        0.310464         75.32   10.53
   11.132928     3    22.648256       1.214496        0.703072          0.49    0.45
   11.132928     4    54.764927       0.600640        0.310592          0.20    0.20
   11.132928     5     1.604096       0.551488        0.338848          6.94    4.46
CPU_time(ms) Kernel GPU_time(ms) TransferIn(ms) TransferOut(ms) Speedup_noTrf Speedup
   11.428416     0     0.000000       0.000000        0.000000           inf     inf
   11.428416     1     1.739040       0.573440        0.596448          6.57    3.93
   11.428416     2     0.165312       1.199872        1.171008         69.13    4.51
   11.428416     3    22.622208       0.587168        0.337344          0.51    0.49
   11.428416     4    54.757729       0.611072        0.304256          0.21    0.21
   11.428416     5     1.601536       0.551648        0.334336          7.14    4.59
CPU_time(ms) Kernel GPU_time(ms) TransferIn(ms) TransferOut(ms) Speedup_noTrf Speedup
   12.857664     0     0.000000       0.000000        0.000000           inf     inf
   12.857664     1     1.756896       1.342336        1.699488          7.32    2.68
   12.857664     2     0.146592       0.563744        0.455488         87.71   11.03
   12.857664     3    22.612928       0.542176        0.361152          0.57    0.55
   12.857664     4    54.736481       0.540928        0.364032          0.23    0.23
   12.857664     5     1.605632       0.596928        0.331936          8.01    5.07
CPU_time(ms) Kernel GPU_time(ms) TransferIn(ms) TransferOut(ms) Speedup_noTrf Speedup
   11.304832     0     0.000000       0.000000        0.000000           inf     inf
   11.304832     1     1.736704       0.591552        0.590912          6.51    3.87
   11.304832     2     0.145056       0.549696        0.346432         77.93   10.86
   11.304832     3    22.599936       0.539360        0.334016          0.50    0.48
   11.304832     4    54.757378       0.539744        0.330912          0.21    0.20
   11.304832     5     1.599616       0.538592        0.336640          7.07    4.57
CPU_time(ms) Kernel GPU_time(ms) TransferIn(ms) TransferOut(ms) Speedup_noTrf Speedup
   12.281184     0     0.000000       0.000000        0.000000           inf     inf
   12.281184     1     1.738752       0.614304        0.641600          7.06    4.10
   12.281184     2     0.165792       1.236384        1.149888         74.08    4.81
   12.281184     3    22.590464       0.615712        0.316064          0.54    0.52
   12.281184     4    54.761471       0.552576        0.340960          0.22    0.22
   12.281184     5     1.619616       1.034496        1.007808          7.58    3.35
CPU_time(ms) Kernel GPU_time(ms) TransferIn(ms) TransferOut(ms) Speedup_noTrf Speedup
   10.706400     0     0.000000       0.000000        0.000000           inf     inf
   10.706400     1     1.733792       0.539680        0.440800          6.18    3.94
   10.706400     2     0.159520       1.130752        1.133312         67.12    4.42
   10.706400     3    22.616192       0.557088        0.340352          0.47    0.46
   10.706400     4    54.773727       0.537216        0.337248          0.20    0.19
   10.706400     5     1.613184       0.932032        0.971200          6.64    3.04
CPU_time(ms) Kernel GPU_time(ms) TransferIn(ms) TransferOut(ms) Speedup_noTrf Speedup
   10.528768     0     0.000000       0.000000        0.000000           inf     inf
   10.528768     1     1.733920       0.544928        0.412096          6.07    3.91
   10.528768     2     0.143360       0.546688        0.338528         73.44   10.24
   10.528768     3    22.624416       0.605632        0.313600          0.47    0.45
   10.528768     4    54.752930       0.555200        0.335744          0.19    0.19
   10.528768     5     1.601344       0.547104        0.335200          6.57    4.24
CPU_time(ms) Kernel GPU_time(ms) TransferIn(ms) TransferOut(ms) Speedup_noTrf Speedup
   11.861952     0     0.000000       0.000000        0.000000           inf     inf
   11.861952     1     1.736704       0.550912        0.442080          6.83    4.35
   11.861952     2     0.147840       0.596992        0.383200         80.24   10.52
   11.861952     3    22.613825       0.634528        0.369088          0.52    0.50
   11.861952     4    54.753727       0.597344        0.309152          0.22    0.21
   11.861952     5     1.604032       0.595968        0.308448          7.40    4.73
CPU_time(ms) Kernel GPU_time(ms) TransferIn(ms) TransferOut(ms) Speedup_noTrf Speedup
   12.927136     0     0.000000       0.000000        0.000000           inf     inf
   12.927136     1     1.737280       0.564512        0.410176          7.44    4.77
   12.927136     2     0.143936       0.566592        0.354784         89.81   12.13
   12.927136     3    22.630400       0.542240        0.335008          0.57    0.55
   12.927136     4    54.765537       0.553536        0.332128          0.24    0.23
   12.927136     5     1.605216       0.558592        0.329696          8.05    5.18
CPU_time(ms) Kernel GPU_time(ms) TransferIn(ms) TransferOut(ms) Speedup_noTrf Speedup
   13.344544     0     0.000000       0.000000        0.000000           inf     inf
   13.344544     1     1.739360       0.564512        0.406432          7.67    4.92
   13.344544     2     0.143616       0.547904        0.332544         92.92   13.03
   13.344544     3    22.614143       0.555520        0.330432          0.59    0.57
   13.344544     4    54.770176       0.556096        0.329280          0.24    0.24
   13.344544     5     1.606560       0.580928        0.319648          8.31    5.32
