CPU_time(ms) Kernel GPU_time(ms) TransferIn(ms) TransferOut(ms) Speedup_noTrf Speedup
    0.122336     0     0.000000       0.000000        0.000000           inf     inf
    0.122336     1     0.012288       0.018816        0.010592          9.96    2.93
    0.122336     2     0.006400       0.017504        0.009024         19.11    3.72
    0.122336     3     0.007776       0.017440        0.009376         15.73    3.54
    0.122336     4     0.007936       0.019808        0.009120         15.42    3.32
    0.122336     5     0.010048       0.019712        0.008928         12.18    3.16
CPU_time(ms) Kernel GPU_time(ms) TransferIn(ms) TransferOut(ms) Speedup_noTrf Speedup
    0.118784     0     0.000000       0.000000        0.000000           inf     inf
    0.118784     1     0.012448       0.016256        0.010496          9.54    3.03
    0.118784     2     0.012352       0.019104        0.010528          9.62    2.83
    0.118784     3     0.009568       0.017280        0.009312         12.41    3.28
    0.118784     4     0.012608       0.019520        0.010112          9.42    2.81
    0.118784     5     0.011072       0.018848        0.010176         10.73    2.96
CPU_time(ms) Kernel GPU_time(ms) TransferIn(ms) TransferOut(ms) Speedup_noTrf Speedup
    0.116736     0     0.000000       0.000000        0.000000           inf     inf
    0.116736     1     0.012288       0.018528        0.009984          9.50    2.86
    0.116736     2     0.006400       0.017152        0.008800         18.24    3.61
    0.116736     3     0.008192       0.017120        0.009920         14.25    3.31
    0.116736     4     0.008192       0.018144        0.008992         14.25    3.30
    0.116736     5     0.009152       0.019712        0.009024         12.76    3.08
CPU_time(ms) Kernel GPU_time(ms) TransferIn(ms) TransferOut(ms) Speedup_noTrf Speedup
    0.123488     0     0.000000       0.000000        0.000000           inf     inf
    0.123488     1     0.037824       0.058816        0.027328          3.26    1.00
    0.123488     2     0.032256       0.042336        0.024960          3.83    1.24
    0.123488     3     0.033696       0.043232        0.023232          3.66    1.23
    0.123488     4     0.032768       0.041568        0.023648          3.77    1.26
    0.123488     5     0.032960       0.039712        0.024384          3.75    1.27
CPU_time(ms) Kernel GPU_time(ms) TransferIn(ms) TransferOut(ms) Speedup_noTrf Speedup
    0.119328     0     0.000000       0.000000        0.000000           inf     inf
    0.119328     1     0.012288       0.016224        0.010016          9.71    3.10
    0.119328     2     0.006944       0.017440        0.009024         17.18    3.57
    0.119328     3     0.020960       0.017120        0.008896          5.69    2.54
    0.119328     4     0.008096       0.017152        0.009824         14.74    3.40
    0.119328     5     0.008192       0.017664        0.009152         14.57    3.41
CPU_time(ms) Kernel GPU_time(ms) TransferIn(ms) TransferOut(ms) Speedup_noTrf Speedup
    0.116864     0     0.000000       0.000000        0.000000           inf     inf
    0.116864     1     0.014112       0.017504        0.011264          8.28    2.73
    0.116864     2     0.034816       0.041408        0.023552          3.36    1.17
    0.116864     3     0.035264       0.041984        0.023904          3.31    1.16
    0.116864     4     0.033216       0.040928        0.022752          3.52    1.21
    0.116864     5     0.033440       0.041888        0.023424          3.49    1.18
CPU_time(ms) Kernel GPU_time(ms) TransferIn(ms) TransferOut(ms) Speedup_noTrf Speedup
    0.120512     0     0.000000       0.000000        0.000000           inf     inf
    0.120512     1     0.012288       0.020480        0.010688          9.81    2.77
    0.120512     2     0.033280       0.041216        0.023840          3.62    1.23
    0.120512     3     0.034688       0.040928        0.023104          3.47    1.22
    0.120512     4     0.032768       0.042272        0.024384          3.68    1.21
    0.120512     5     0.032768       0.042496        0.024288          3.68    1.21
CPU_time(ms) Kernel GPU_time(ms) TransferIn(ms) TransferOut(ms) Speedup_noTrf Speedup
    0.119008     0     0.000000       0.000000        0.000000           inf     inf
    0.119008     1     0.037600       0.041856        0.027456          3.17    1.11
    0.119008     2     0.043008       0.047264        0.027392          2.77    1.01
    0.119008     3     0.068704       0.048800        0.028800          1.73    0.81
    0.119008     4     0.036864       0.044000        0.025248          3.23    1.12
    0.119008     5     0.034112       0.041056        0.023840          3.49    1.20
CPU_time(ms) Kernel GPU_time(ms) TransferIn(ms) TransferOut(ms) Speedup_noTrf Speedup
    0.115648     0     0.000000       0.000000        0.000000           inf     inf
    0.115648     1     0.013120       0.016384        0.010624          8.81    2.88
    0.115648     2     0.006592       0.017408        0.008928         17.54    3.51
    0.115648     3     0.007136       0.017824        0.009152         16.21    3.39
    0.115648     4     0.008000       0.018016        0.009920         14.46    3.22
    0.115648     5     0.009728       0.018784        0.009568         11.89    3.04
CPU_time(ms) Kernel GPU_time(ms) TransferIn(ms) TransferOut(ms) Speedup_noTrf Speedup
    0.121248     0     0.000000       0.000000        0.000000           inf     inf
    0.121248     1     0.040992       0.043008        0.026848          2.96    1.09
    0.121248     2     0.034816       0.042144        0.023648          3.48    1.21
    0.121248     3     0.035808       0.043008        0.023808          3.39    1.18
    0.121248     4     0.033632       0.041600        0.022912          3.61    1.24
    0.121248     5     0.034336       0.041920        0.025056          3.53    1.20
CPU_time(ms) Kernel GPU_time(ms) TransferIn(ms) TransferOut(ms) Speedup_noTrf Speedup
    0.120544     0     0.000000       0.000000        0.000000           inf     inf
    0.120544     1     0.012288       0.016384        0.009536          9.81    3.15
    0.120544     2     0.007776       0.017856        0.009696         15.50    3.41
    0.120544     3     0.008192       0.017984        0.009120         14.71    3.42
    0.120544     4     0.008192       0.017472        0.009248         14.71    3.45
    0.120544     5     0.009632       0.019136        0.009504         12.51    3.15
CPU_time(ms) Kernel GPU_time(ms) TransferIn(ms) TransferOut(ms) Speedup_noTrf Speedup
    0.126976     0     0.000000       0.000000        0.000000           inf     inf
    0.126976     1     0.012448       0.020640        0.009440         10.20    2.99
    0.126976     2     0.032800       0.041408        0.023168          3.87    1.30
    0.126976     3     0.034656       0.041664        0.023392          3.66    1.27
    0.126976     4     0.038912       0.047648        0.025376          3.26    1.13
    0.126976     5     0.032864       0.041248        0.024000          3.86    1.29
CPU_time(ms) Kernel GPU_time(ms) TransferIn(ms) TransferOut(ms) Speedup_noTrf Speedup
    0.118784     0     0.000000       0.000000        0.000000           inf     inf
    0.118784     1     0.012320       0.016384        0.011040          9.64    2.99
    0.118784     2     0.008032       0.016448        0.010080         14.79    3.44
    0.118784     3     0.009856       0.017312        0.008992         12.05    3.28
    0.118784     4     0.008192       0.019136        0.009184         14.50    3.25
    0.118784     5     0.010240       0.020288        0.009600         11.60    2.96
CPU_time(ms) Kernel GPU_time(ms) TransferIn(ms) TransferOut(ms) Speedup_noTrf Speedup
    0.124608     0     0.000000       0.000000        0.000000           inf     inf
    0.124608     1     0.014144       0.021536        0.013280          8.81    2.55
    0.124608     2     0.032768       0.041376        0.023296          3.80    1.28
    0.124608     3     0.034816       0.041792        0.024288          3.58    1.24
    0.124608     4     0.032576       0.040832        0.023264          3.83    1.29
    0.124608     5     0.033376       0.041856        0.023392          3.73    1.26
CPU_time(ms) Kernel GPU_time(ms) TransferIn(ms) TransferOut(ms) Speedup_noTrf Speedup
    0.207968     0     0.000000       0.000000        0.000000           inf     inf
    0.207968     1     0.037760       0.045056        0.027616          5.51    1.88
    0.207968     2     0.034816       0.040704        0.023712          5.97    2.10
    0.207968     3     0.042464       0.047616        0.025664          4.90    1.80
    0.207968     4     0.034528       0.043008        0.024768          6.02    2.03
    0.207968     5     0.035072       0.041408        0.023872          5.93    2.07
CPU_time(ms) Kernel GPU_time(ms) TransferIn(ms) TransferOut(ms) Speedup_noTrf Speedup
    0.124896     0     0.000000       0.000000        0.000000           inf     inf
    0.124896     1     0.014336       0.019520        0.010784          8.71    2.80
    0.124896     2     0.008480       0.019968        0.010016         14.73    3.25
    0.124896     3     0.010624       0.020800        0.009920         11.76    3.02
    0.124896     4     0.034816       0.041312        0.023744          3.59    1.25
    0.124896     5     0.034816       0.042336        0.022816          3.59    1.25
CPU_time(ms) Kernel GPU_time(ms) TransferIn(ms) TransferOut(ms) Speedup_noTrf Speedup
    0.123392     0     0.000000       0.000000        0.000000           inf     inf
    0.123392     1     0.012288       0.021568        0.008736         10.04    2.90
    0.123392     2     0.006528       0.017728        0.008800         18.90    3.73
    0.123392     3     0.008192       0.019104        0.009504         15.06    3.35
    0.123392     4     0.008352       0.018976        0.009504         14.77    3.35
    0.123392     5     0.009504       0.018880        0.009792         12.98    3.23
CPU_time(ms) Kernel GPU_time(ms) TransferIn(ms) TransferOut(ms) Speedup_noTrf Speedup
    0.114976     0     0.000000       0.000000        0.000000           inf     inf
    0.114976     1     0.012320       0.016640        0.010464          9.33    2.92
    0.114976     2     0.007040       0.017568        0.009088         16.33    3.41
    0.114976     3     0.008192       0.017792        0.009024         14.04    3.28
    0.114976     4     0.008672       0.018336        0.009024         13.26    3.19
    0.114976     5     0.009536       0.019552        0.009728         12.06    2.96
CPU_time(ms) Kernel GPU_time(ms) TransferIn(ms) TransferOut(ms) Speedup_noTrf Speedup
    0.268288     0     0.000000       0.000000        0.000000           inf     inf
    0.268288     1     0.038528       0.055456        0.027168          6.96    2.21
    0.268288     2     0.033184       0.039968        0.023296          8.08    2.78
    0.268288     3     0.032960       0.040960        0.023712          8.14    2.75
    0.268288     4     0.032832       0.041120        0.023360          8.17    2.76
    0.268288     5     0.033568       0.039808        0.023616          7.99    2.77
CPU_time(ms) Kernel GPU_time(ms) TransferIn(ms) TransferOut(ms) Speedup_noTrf Speedup
    0.204160     0     0.000000       0.000000        0.000000           inf     inf
    0.204160     1     0.028928       0.034752        0.019872          7.06    2.44
    0.204160     2     0.034816       0.041248        0.023840          5.86    2.04
    0.204160     3     0.034464       0.042688        0.023584          5.92    2.03
    0.204160     4     0.032480       0.041760        0.023360          6.29    2.09
    0.204160     5     0.032768       0.041216        0.023584          6.23    2.09
CPU_time(ms) Kernel GPU_time(ms) TransferIn(ms) TransferOut(ms) Speedup_noTrf Speedup
    0.317440     0     0.000000       0.000000        0.000000           inf     inf
    0.317440     1     0.037824       0.043552        0.026944          8.39    2.93
    0.317440     2     0.033312       0.041632        0.023296          9.53    3.23
    0.317440     3     0.034816       0.042944        0.023872          9.12    3.12
    0.317440     4     0.032768       0.041408        0.024384          9.69    3.22
    0.317440     5     0.031712       0.041120        0.024800         10.01    3.25
CPU_time(ms) Kernel GPU_time(ms) TransferIn(ms) TransferOut(ms) Speedup_noTrf Speedup
    0.122528     0     0.000000       0.000000        0.000000           inf     inf
    0.122528     1     0.012576       0.021024        0.011008          9.74    2.75
    0.122528     2     0.009696       0.030528        0.010464         12.64    2.42
    0.122528     3     0.009536       0.019072        0.010816         12.85    3.11
    0.122528     4     0.010240       0.019712        0.010880         11.97    3.00
    0.122528     5     0.010752       0.020864        0.018336         11.40    2.45
CPU_time(ms) Kernel GPU_time(ms) TransferIn(ms) TransferOut(ms) Speedup_noTrf Speedup
    0.118272     0     0.000000       0.000000        0.000000           inf     inf
    0.118272     1     0.012288       0.019712        0.009824          9.62    2.83
    0.118272     2     0.006656       0.018080        0.009216         17.77    3.48
    0.118272     3     0.007840       0.017824        0.009216         15.09    3.39
    0.118272     4     0.007136       0.018112        0.009184         16.57    3.43
    0.118272     5     0.008288       0.019072        0.009248         14.27    3.23
CPU_time(ms) Kernel GPU_time(ms) TransferIn(ms) TransferOut(ms) Speedup_noTrf Speedup
    0.114752     0     0.000000       0.000000        0.000000           inf     inf
    0.114752     1     0.012384       0.016384        0.008832          9.27    3.05
    0.114752     2     0.008064       0.019456        0.009920         14.23    3.06
    0.114752     3     0.036032       0.041024        0.024224          3.18    1.13
    0.114752     4     0.033728       0.042048        0.023648          3.40    1.15
    0.114752     5     0.034816       0.041696        0.024032          3.30    1.14
CPU_time(ms) Kernel GPU_time(ms) TransferIn(ms) TransferOut(ms) Speedup_noTrf Speedup
    0.136832     0     0.000000       0.000000        0.000000           inf     inf
    0.136832     1     0.012832       0.019168        0.010944         10.66    3.19
    0.136832     2     0.008192       0.019360        0.009408         16.70    3.70
    0.136832     3     0.010240       0.019040        0.008992         13.36    3.58
    0.136832     4     0.011008       0.019808        0.010464         12.43    3.31
    0.136832     5     0.012096       0.021536        0.010784         11.31    3.08
CPU_time(ms) Kernel GPU_time(ms) TransferIn(ms) TransferOut(ms) Speedup_noTrf Speedup
    0.114816     0     0.000000       0.000000        0.000000           inf     inf
    0.114816     1     0.012448       0.019136        0.010528          9.22    2.73
    0.114816     2     0.008064       0.017504        0.009952         14.24    3.23
    0.114816     3     0.008192       0.018048        0.008800         14.02    3.28
    0.114816     4     0.008192       0.019584        0.009152         14.02    3.11
    0.114816     5     0.014368       0.021152        0.010496          7.99    2.50
CPU_time(ms) Kernel GPU_time(ms) TransferIn(ms) TransferOut(ms) Speedup_noTrf Speedup
    0.127584     0     0.000000       0.000000        0.000000           inf     inf
    0.127584     1     0.012544       0.022528        0.011488         10.17    2.74
    0.127584     2     0.010240       0.019808        0.010112         12.46    3.18
    0.127584     3     0.010240       0.019328        0.011456         12.46    3.11
    0.127584     4     0.011296       0.020832        0.010816         11.29    2.97
    0.127584     5     0.011296       0.020800        0.010816         11.29    2.97
CPU_time(ms) Kernel GPU_time(ms) TransferIn(ms) TransferOut(ms) Speedup_noTrf Speedup
    0.116160     0     0.000000       0.000000        0.000000           inf     inf
    0.116160     1     0.012288       0.016192        0.009376          9.45    3.07
    0.116160     2     0.006144       0.017440        0.009056         18.91    3.56
    0.116160     3     0.008192       0.016992        0.010304         14.18    3.27
    0.116160     4     0.008320       0.018208        0.009312         13.96    3.24
    0.116160     5     0.034880       0.043520        0.025088          3.33    1.12
CPU_time(ms) Kernel GPU_time(ms) TransferIn(ms) TransferOut(ms) Speedup_noTrf Speedup
    0.121984     0     0.000000       0.000000        0.000000           inf     inf
    0.121984     1     0.012288       0.020032        0.009280          9.93    2.93
    0.121984     2     0.007136       0.017856        0.009280         17.09    3.56
    0.121984     3     0.009568       0.017856        0.009440         12.75    3.31
    0.121984     4     0.009856       0.018784        0.009984         12.38    3.16
    0.121984     5     0.009792       0.019328        0.010656         12.46    3.07
CPU_time(ms) Kernel GPU_time(ms) TransferIn(ms) TransferOut(ms) Speedup_noTrf Speedup
    0.122336     0     0.000000       0.000000        0.000000           inf     inf
    0.122336     1     0.013600       0.016416        0.010240          9.00    3.04
    0.122336     2     0.006368       0.017632        0.009280         19.21    3.68
    0.122336     3     0.007840       0.017824        0.008960         15.60    3.53
    0.122336     4     0.008000       0.017376        0.009760         15.29    3.48
    0.122336     5     0.008640       0.018880        0.009152         14.16    3.34
CPU_time(ms) Kernel GPU_time(ms) TransferIn(ms) TransferOut(ms) Speedup_noTrf Speedup
    0.122496     0     0.000000       0.000000        0.000000           inf     inf
    0.122496     1     0.012128       0.017408        0.009632         10.10    3.13
    0.122496     2     0.007552       0.017632        0.009376         16.22    3.54
    0.122496     3     0.008032       0.017152        0.009056         15.25    3.58
    0.122496     4     0.008192       0.017888        0.008800         14.95    3.51
    0.122496     5     0.008704       0.018240        0.009376         14.07    3.37
CPU_time(ms) Kernel GPU_time(ms) TransferIn(ms) TransferOut(ms) Speedup_noTrf Speedup
    0.124064     0     0.000000       0.000000        0.000000           inf     inf
    0.124064     1     0.012096       0.016384        0.009952         10.26    3.23
    0.124064     2     0.006784       0.017760        0.009728         18.29    3.62
    0.124064     3     0.007840       0.017088        0.009216         15.82    3.63
    0.124064     4     0.008192       0.017408        0.008864         15.14    3.60
    0.124064     5     0.008928       0.018272        0.009056         13.90    3.42
CPU_time(ms) Kernel GPU_time(ms) TransferIn(ms) TransferOut(ms) Speedup_noTrf Speedup
    0.121632     0     0.000000       0.000000        0.000000           inf     inf
    0.121632     1     0.012288       0.018144        0.010816          9.90    2.95
    0.121632     2     0.032992       0.041120        0.023648          3.69    1.24
    0.121632     3     0.034784       0.040896        0.023520          3.50    1.23
    0.121632     4     0.032640       0.041760        0.023744          3.73    1.24
    0.121632     5     0.032928       0.040352        0.023200          3.69    1.26
CPU_time(ms) Kernel GPU_time(ms) TransferIn(ms) TransferOut(ms) Speedup_noTrf Speedup
    0.096288     0     0.000000       0.000000        0.000000           inf     inf
    0.096288     1     0.012288       0.028288        0.009504          7.84    1.92
    0.096288     2     0.008192       0.016960        0.009984         11.75    2.74
    0.096288     3     0.006624       0.017504        0.008896         14.54    2.92
    0.096288     4     0.006560       0.018976        0.008928         14.68    2.79
    0.096288     5     0.034528       0.041952        0.024320          2.79    0.96
CPU_time(ms) Kernel GPU_time(ms) TransferIn(ms) TransferOut(ms) Speedup_noTrf Speedup
    0.115008     0     0.000000       0.000000        0.000000           inf     inf
    0.115008     1     0.013344       0.023872        0.010400          8.62    2.42
    0.115008     2     0.032768       0.041728        0.023168          3.51    1.18
    0.115008     3     0.034208       0.041056        0.023968          3.36    1.16
    0.115008     4     0.032096       0.040864        0.022976          3.58    1.20
    0.115008     5     0.031616       0.040352        0.023968          3.64    1.20
CPU_time(ms) Kernel GPU_time(ms) TransferIn(ms) TransferOut(ms) Speedup_noTrf Speedup
    0.125824     0     0.000000       0.000000        0.000000           inf     inf
    0.125824     1     0.011040       0.018272        0.009984         11.40    3.20
    0.125824     2     0.007392       0.017696        0.009216         17.02    3.67
    0.125824     3     0.042304       0.047456        0.025536          2.97    1.09
    0.125824     4     0.040544       0.046528        0.026176          3.10    1.11
    0.125824     5     0.040864       0.047808        0.026304          3.08    1.09
CPU_time(ms) Kernel GPU_time(ms) TransferIn(ms) TransferOut(ms) Speedup_noTrf Speedup
    0.127520     0     0.000000       0.000000        0.000000           inf     inf
    0.127520     1     0.036864       0.043008        0.026880          3.46    1.19
    0.127520     2     0.032960       0.041248        0.024256          3.87    1.30
    0.127520     3     0.032768       0.041664        0.023360          3.89    1.30
    0.127520     4     0.031648       0.040800        0.022624          4.03    1.34
    0.127520     5     0.032768       0.040992        0.023808          3.89    1.31
CPU_time(ms) Kernel GPU_time(ms) TransferIn(ms) TransferOut(ms) Speedup_noTrf Speedup
    0.123040     0     0.000000       0.000000        0.000000           inf     inf
    0.123040     1     0.013408       0.016384        0.011072          9.18    3.01
    0.123040     2     0.006816       0.018752        0.009280         18.05    3.53
    0.123040     3     0.008832       0.018176        0.010240         13.93    3.30
    0.123040     4     0.008736       0.018592        0.009120         14.08    3.38
    0.123040     5     0.008576       0.019712        0.009312         14.35    3.27
CPU_time(ms) Kernel GPU_time(ms) TransferIn(ms) TransferOut(ms) Speedup_noTrf Speedup
    0.122176     0     0.000000       0.000000        0.000000           inf     inf
    0.122176     1     0.012288       0.016576        0.010624          9.94    3.09
    0.122176     2     0.007168       0.017376        0.009312         17.04    3.61
    0.122176     3     0.010176       0.023936        0.009408         12.01    2.81
    0.122176     4     0.009664       0.020096        0.009120         12.64    3.14
    0.122176     5     0.011680       0.020288        0.010496         10.46    2.88
CPU_time(ms) Kernel GPU_time(ms) TransferIn(ms) TransferOut(ms) Speedup_noTrf Speedup
    0.163840     0     0.000000       0.000000        0.000000           inf     inf
    0.163840     1     0.012416       0.016416        0.008800         13.20    4.35
    0.163840     2     0.008192       0.017632        0.009088         20.00    4.69
    0.163840     3     0.007904       0.018464        0.009152         20.73    4.61
    0.163840     4     0.008192       0.018304        0.008864         20.00    4.63
    0.163840     5     0.009824       0.017888        0.009984         16.68    4.35
CPU_time(ms) Kernel GPU_time(ms) TransferIn(ms) TransferOut(ms) Speedup_noTrf Speedup
    0.120832     0     0.000000       0.000000        0.000000           inf     inf
    0.120832     1     0.012224       0.016192        0.008768          9.88    3.25
    0.120832     2     0.006528       0.017984        0.009440         18.51    3.56
    0.120832     3     0.008192       0.017312        0.008960         14.75    3.51
    0.120832     4     0.009792       0.018368        0.009952         12.34    3.17
    0.120832     5     0.010240       0.018912        0.008800         11.80    3.18
CPU_time(ms) Kernel GPU_time(ms) TransferIn(ms) TransferOut(ms) Speedup_noTrf Speedup
    0.123552     0     0.000000       0.000000        0.000000           inf     inf
    0.123552     1     0.013600       0.019744        0.011360          9.08    2.76
    0.123552     2     0.033184       0.042464        0.025216          3.72    1.22
    0.123552     3     0.034848       0.042496        0.023424          3.55    1.23
    0.123552     4     0.032512       0.042368        0.023392          3.80    1.26
    0.123552     5     0.034496       0.042112        0.024192          3.58    1.23
CPU_time(ms) Kernel GPU_time(ms) TransferIn(ms) TransferOut(ms) Speedup_noTrf Speedup
    0.130880     0     0.000000       0.000000        0.000000           inf     inf
    0.130880     1     0.012288       0.020480        0.010848         10.65    3.00
    0.130880     2     0.008192       0.016928        0.009536         15.98    3.78
    0.130880     3     0.009536       0.019040        0.009792         13.72    3.41
    0.130880     4     0.008704       0.019904        0.010592         15.04    3.34
    0.130880     5     0.010752       0.020928        0.010848         12.17    3.08
CPU_time(ms) Kernel GPU_time(ms) TransferIn(ms) TransferOut(ms) Speedup_noTrf Speedup
    0.125984     0     0.000000       0.000000        0.000000           inf     inf
    0.125984     1     0.013216       0.016896        0.012032          9.53    2.99
    0.125984     2     0.008192       0.018592        0.009376         15.38    3.48
    0.125984     3     0.010240       0.019136        0.009184         12.30    3.27
    0.125984     4     0.009664       0.018848        0.008928         13.04    3.36
    0.125984     5     0.010240       0.020224        0.010944         12.30    3.04
CPU_time(ms) Kernel GPU_time(ms) TransferIn(ms) TransferOut(ms) Speedup_noTrf Speedup
    0.120832     0     0.000000       0.000000        0.000000           inf     inf
    0.120832     1     0.012192       0.016384        0.010848          9.91    3.06
    0.120832     2     0.033216       0.041984        0.023872          3.64    1.22
    0.120832     3     0.034816       0.042144        0.023648          3.47    1.20
    0.120832     4     0.047584       0.042336        0.024608          2.54    1.06
    0.120832     5     0.032576       0.042176        0.024128          3.71    1.22
CPU_time(ms) Kernel GPU_time(ms) TransferIn(ms) TransferOut(ms) Speedup_noTrf Speedup
    0.116736     0     0.000000       0.000000        0.000000           inf     inf
    0.116736     1     0.037920       0.058144        0.026848          3.08    0.95
    0.116736     2     0.033792       0.042272        0.022720          3.45    1.18
    0.116736     3     0.034816       0.042656        0.023136          3.35    1.16
    0.116736     4     0.033088       0.042016        0.022176          3.53    1.20
    0.116736     5     0.032512       0.039968        0.023488          3.59    1.22
CPU_time(ms) Kernel GPU_time(ms) TransferIn(ms) TransferOut(ms) Speedup_noTrf Speedup
    0.115232     0     0.000000       0.000000        0.000000           inf     inf
    0.115232     1     0.012288       0.016960        0.009440          9.38    2.98
    0.115232     2     0.008192       0.017728        0.009056         14.07    3.29
    0.115232     3     0.008192       0.018112        0.008832         14.07    3.28
    0.115232     4     0.008192       0.018144        0.008992         14.07    3.26
    0.115232     5     0.008992       0.020192        0.009088         12.81    3.01
CPU_time(ms) Kernel GPU_time(ms) TransferIn(ms) TransferOut(ms) Speedup_noTrf Speedup
    0.118240     0     0.000000       0.000000        0.000000           inf     inf
    0.118240     1     0.012288       0.016384        0.010400          9.62    3.03
    0.118240     2     0.008096       0.018304        0.009344         14.60    3.31
    0.118240     3     0.009472       0.019072        0.009504         12.48    3.11
    0.118240     4     0.008480       0.019296        0.011296         13.94    3.03
    0.118240     5     0.008192       0.019488        0.009120         14.43    3.21
CPU_time(ms) Kernel GPU_time(ms) TransferIn(ms) TransferOut(ms) Speedup_noTrf Speedup
    0.121792     0     0.000000       0.000000        0.000000           inf     inf
    0.121792     1     0.012288       0.016384        0.009312          9.91    3.21
    0.121792     2     0.032512       0.043136        0.022464          3.75    1.24
    0.121792     3     0.034816       0.042400        0.023712          3.50    1.21
    0.121792     4     0.032768       0.043040        0.022912          3.72    1.23
    0.121792     5     0.033120       0.042432        0.025344          3.68    1.21
CPU_time(ms) Kernel GPU_time(ms) TransferIn(ms) TransferOut(ms) Speedup_noTrf Speedup
    0.256672     0     0.000000       0.000000        0.000000           inf     inf
    0.256672     1     0.038912       0.066816        0.026624          6.60    1.94
    0.256672     2     0.036160       0.045216        0.026912          7.10    2.37
    0.256672     3     0.038368       0.044960        0.026656          6.69    2.33
    0.256672     4     0.035680       0.044320        0.026080          7.19    2.42
    0.256672     5     0.035680       0.045088        0.026848          7.19    2.39
CPU_time(ms) Kernel GPU_time(ms) TransferIn(ms) TransferOut(ms) Speedup_noTrf Speedup
    0.122880     0     0.000000       0.000000        0.000000           inf     inf
    0.122880     1     0.012000       0.018432        0.010528         10.24    3.00
    0.122880     2     0.008160       0.017408        0.009568         15.06    3.50
    0.122880     3     0.008192       0.017984        0.009088         15.00    3.48
    0.122880     4     0.008064       0.018208        0.008960         15.24    3.49
    0.122880     5     0.009792       0.019040        0.009312         12.55    3.22
CPU_time(ms) Kernel GPU_time(ms) TransferIn(ms) TransferOut(ms) Speedup_noTrf Speedup
    0.294912     0     0.000000       0.000000        0.000000           inf     inf
    0.294912     1     0.038880       0.057440        0.028896          7.59    2.36
    0.294912     2     0.034816       0.042496        0.024384          8.47    2.90
    0.294912     3     0.036864       0.042208        0.024992          8.00    2.83
    0.294912     4     0.033376       0.042304        0.024864          8.84    2.93
    0.294912     5     0.034816       0.041856        0.023136          8.47    2.95
CPU_time(ms) Kernel GPU_time(ms) TransferIn(ms) TransferOut(ms) Speedup_noTrf Speedup
    0.340288     0     0.000000       0.000000        0.000000           inf     inf
    0.340288     1     0.036864       0.058656        0.025632          9.23    2.81
    0.340288     2     0.032768       0.041824        0.023904         10.38    3.45
    0.340288     3     0.031296       0.042144        0.023456         10.87    3.51
    0.340288     4     0.032576       0.040576        0.023168         10.45    3.53
    0.340288     5     0.032640       0.042304        0.024384         10.43    3.43
CPU_time(ms) Kernel GPU_time(ms) TransferIn(ms) TransferOut(ms) Speedup_noTrf Speedup
    0.116640     0     0.000000       0.000000        0.000000           inf     inf
    0.116640     1     0.012416       0.016384        0.010656          9.39    2.96
    0.116640     2     0.007392       0.018048        0.009216         15.78    3.37
    0.116640     3     0.007936       0.017504        0.009792         14.70    3.31
    0.116640     4     0.008192       0.017728        0.009120         14.24    3.33
    0.116640     5     0.009152       0.018720        0.009216         12.74    3.14
CPU_time(ms) Kernel GPU_time(ms) TransferIn(ms) TransferOut(ms) Speedup_noTrf Speedup
    0.116736     0     0.000000       0.000000        0.000000           inf     inf
    0.116736     1     0.035328       0.058496        0.027264          3.30    0.96
    0.116736     2     0.032000       0.042624        0.023232          3.65    1.19
    0.116736     3     0.033440       0.041664        0.023680          3.49    1.18
    0.116736     4     0.031424       0.043136        0.024704          3.71    1.18
    0.116736     5     0.032736       0.040704        0.023456          3.57    1.20
CPU_time(ms) Kernel GPU_time(ms) TransferIn(ms) TransferOut(ms) Speedup_noTrf Speedup
    0.114016     0     0.000000       0.000000        0.000000           inf     inf
    0.114016     1     0.014016       0.018368        0.010560          8.13    2.65
    0.114016     2     0.006752       0.017536        0.009056         16.89    3.42
    0.114016     3     0.007072       0.017984        0.009280         16.12    3.32
    0.114016     4     0.008192       0.017120        0.009024         13.92    3.32
    0.114016     5     0.008192       0.017792        0.009024         13.92    3.26
CPU_time(ms) Kernel GPU_time(ms) TransferIn(ms) TransferOut(ms) Speedup_noTrf Speedup
    0.121920     0     0.000000       0.000000        0.000000           inf     inf
    0.121920     1     0.012288       0.019968        0.009984          9.92    2.89
    0.121920     2     0.032864       0.040288        0.024480          3.71    1.25
    0.121920     3     0.033280       0.040416        0.024000          3.66    1.25
    0.121920     4     0.034208       0.040704        0.025536          3.56    1.21
    0.121920     5     0.032896       0.041824        0.023808          3.71    1.24
CPU_time(ms) Kernel GPU_time(ms) TransferIn(ms) TransferOut(ms) Speedup_noTrf Speedup
    0.119968     0     0.000000       0.000000        0.000000           inf     inf
    0.119968     1     0.012192       0.018464        0.010592          9.84    2.91
    0.119968     2     0.007136       0.018208        0.009280         16.81    3.46
    0.119968     3     0.008096       0.018528        0.009856         14.82    3.29
    0.119968     4     0.008192       0.017312        0.009152         14.64    3.46
    0.119968     5     0.009536       0.019616        0.009664         12.58    3.09
CPU_time(ms) Kernel GPU_time(ms) TransferIn(ms) TransferOut(ms) Speedup_noTrf Speedup
    0.114880     0     0.000000       0.000000        0.000000           inf     inf
    0.114880     1     0.036896       0.043008        0.026976          3.11    1.07
    0.114880     2     0.032608       0.042784        0.024512          3.52    1.15
    0.114880     3     0.034816       0.041408        0.023616          3.30    1.15
    0.114880     4     0.032768       0.043328        0.023360          3.51    1.16
    0.114880     5     0.031616       0.041856        0.023552          3.63    1.18
CPU_time(ms) Kernel GPU_time(ms) TransferIn(ms) TransferOut(ms) Speedup_noTrf Speedup
    0.125216     0     0.000000       0.000000        0.000000           inf     inf
    0.125216     1     0.012576       0.016384        0.009600          9.96    3.25
    0.125216     2     0.007584       0.020288        0.009984         16.51    3.31
    0.125216     3     0.008032       0.018112        0.009696         15.59    3.49
    0.125216     4     0.008032       0.017824        0.009536         15.59    3.54
    0.125216     5     0.008736       0.019072        0.009568         14.33    3.35
CPU_time(ms) Kernel GPU_time(ms) TransferIn(ms) TransferOut(ms) Speedup_noTrf Speedup
    0.120832     0     0.000000       0.000000        0.000000           inf     inf
    0.120832     1     0.012288       0.018720        0.010752          9.83    2.89
    0.120832     2     0.006944       0.017760        0.009792         17.40    3.50
    0.120832     3     0.007904       0.017312        0.009120         15.29    3.52
    0.120832     4     0.008192       0.017280        0.009024         14.75    3.50
    0.120832     5     0.006656       0.018240        0.008864         18.15    3.58
CPU_time(ms) Kernel GPU_time(ms) TransferIn(ms) TransferOut(ms) Speedup_noTrf Speedup
    0.094080     0     0.000000       0.000000        0.000000           inf     inf
    0.094080     1     0.010848       0.018560        0.010144          8.67    2.38
    0.094080     2     0.009248       0.017696        0.009248         10.17    2.60
    0.094080     3     0.008288       0.017952        0.009120         11.35    2.66
    0.094080     4     0.008192       0.017344        0.008928         11.48    2.73
    0.094080     5     0.009536       0.018912        0.009632          9.87    2.47
CPU_time(ms) Kernel GPU_time(ms) TransferIn(ms) TransferOut(ms) Speedup_noTrf Speedup
    0.120896     0     0.000000       0.000000        0.000000           inf     inf
    0.120896     1     0.012288       0.016384        0.009504          9.84    3.17
    0.120896     2     0.007168       0.017632        0.009120         16.87    3.56
    0.120896     3     0.008192       0.017024        0.008832         14.76    3.55
    0.120896     4     0.008032       0.018560        0.008928         15.05    3.40
    0.120896     5     0.010208       0.019424        0.009056         11.84    3.12
CPU_time(ms) Kernel GPU_time(ms) TransferIn(ms) TransferOut(ms) Speedup_noTrf Speedup
    0.319616     0     0.000000       0.000000        0.000000           inf     inf
    0.319616     1     0.036864       0.042752        0.026304          8.67    3.02
    0.319616     2     0.032768       0.042656        0.025280          9.75    3.17
    0.319616     3     0.034656       0.042720        0.024736          9.22    3.13
    0.319616     4     0.033696       0.043776        0.023552          9.49    3.16
    0.319616     5     0.034752       0.042880        0.025536          9.20    3.10
CPU_time(ms) Kernel GPU_time(ms) TransferIn(ms) TransferOut(ms) Speedup_noTrf Speedup
    0.099008     0     0.000000       0.000000        0.000000           inf     inf
    0.099008     1     0.038784       0.061568        0.027168          2.55    0.78
    0.099008     2     0.045056       0.047936        0.025728          2.20    0.83
    0.099008     3     0.034976       0.042880        0.025216          2.83    0.96
    0.099008     4     0.033088       0.042272        0.025088          2.99    0.99
    0.099008     5     0.034080       0.042240        0.024320          2.91    0.98
CPU_time(ms) Kernel GPU_time(ms) TransferIn(ms) TransferOut(ms) Speedup_noTrf Speedup
    0.127008     0     0.000000       0.000000        0.000000           inf     inf
    0.127008     1     0.012768       0.019968        0.010624          9.95    2.93
    0.127008     2     0.006752       0.017952        0.009088         18.81    3.76
    0.127008     3     0.008192       0.017888        0.008800         15.50    3.64
    0.127008     4     0.008192       0.017888        0.009024         15.50    3.62
    0.127008     5     0.008128       0.018272        0.009024         15.63    3.59
CPU_time(ms) Kernel GPU_time(ms) TransferIn(ms) TransferOut(ms) Speedup_noTrf Speedup
    0.120224     0     0.000000       0.000000        0.000000           inf     inf
    0.120224     1     0.013568       0.017472        0.011008          8.86    2.86
    0.120224     2     0.032800       0.042656        0.023840          3.67    1.21
    0.120224     3     0.034688       0.043328        0.023520          3.47    1.18
    0.120224     4     0.033024       0.043456        0.024864          3.64    1.19
    0.120224     5     0.033408       0.044640        0.024608          3.60    1.17
CPU_time(ms) Kernel GPU_time(ms) TransferIn(ms) TransferOut(ms) Speedup_noTrf Speedup
    0.318528     0     0.000000       0.000000        0.000000           inf     inf
    0.318528     1     0.037600       0.042080        0.026144          8.47    3.01
    0.318528     2     0.032832       0.040928        0.022528          9.70    3.31
    0.318528     3     0.034464       0.041312        0.022560          9.24    3.24
    0.318528     4     0.033248       0.040992        0.023744          9.58    3.25
    0.318528     5     0.042496       0.046240        0.026688          7.50    2.76
CPU_time(ms) Kernel GPU_time(ms) TransferIn(ms) TransferOut(ms) Speedup_noTrf Speedup
    0.120832     0     0.000000       0.000000        0.000000           inf     inf
    0.120832     1     0.012064       0.016384        0.011296         10.02    3.04
    0.120832     2     0.006944       0.017664        0.009216         17.40    3.57
    0.120832     3     0.008192       0.018464        0.008960         14.75    3.39
    0.120832     4     0.008192       0.023936        0.009248         14.75    2.92
    0.120832     5     0.008512       0.018368        0.008608         14.20    3.40
CPU_time(ms) Kernel GPU_time(ms) TransferIn(ms) TransferOut(ms) Speedup_noTrf Speedup
    0.122880     0     0.000000       0.000000        0.000000           inf     inf
    0.122880     1     0.037536       0.042944        0.027808          3.27    1.13
    0.122880     2     0.036064       0.062112        0.025344          3.41    0.99
    0.122880     3     0.033088       0.042272        0.024160          3.71    1.23
    0.122880     4     0.033888       0.040416        0.022720          3.63    1.27
    0.122880     5     0.039520       0.048320        0.026592          3.11    1.07
CPU_time(ms) Kernel GPU_time(ms) TransferIn(ms) TransferOut(ms) Speedup_noTrf Speedup
    0.122304     0     0.000000       0.000000        0.000000           inf     inf
    0.122304     1     0.043264       0.045056        0.028640          2.83    1.05
    0.122304     2     0.036288       0.043392        0.025504          3.37    1.16
    0.122304     3     0.038304       0.043296        0.026528          3.19    1.13
    0.122304     4     0.037056       0.044512        0.024960          3.30    1.15
    0.122304     5     0.035552       0.045920        0.025568          3.44    1.14
CPU_time(ms) Kernel GPU_time(ms) TransferIn(ms) TransferOut(ms) Speedup_noTrf Speedup
    0.119040     0     0.000000       0.000000        0.000000           inf     inf
    0.119040     1     0.012288       0.016320        0.009792          9.69    3.10
    0.119040     2     0.007584       0.017248        0.009472         15.70    3.47
    0.119040     3     0.007904       0.017760        0.009376         15.06    3.40
    0.119040     4     0.008192       0.017728        0.008288         14.53    3.48
    0.119040     5     0.009792       0.017920        0.009216         12.16    3.22
CPU_time(ms) Kernel GPU_time(ms) TransferIn(ms) TransferOut(ms) Speedup_noTrf Speedup
    0.118784     0     0.000000       0.000000        0.000000           inf     inf
    0.118784     1     0.013408       0.017664        0.010848          8.86    2.83
    0.118784     2     0.006976       0.017984        0.009184         17.03    3.48
    0.118784     3     0.008064       0.018272        0.009408         14.73    3.32
    0.118784     4     0.008288       0.019424        0.009344         14.33    3.21
    0.118784     5     0.008736       0.019552        0.010400         13.60    3.07
CPU_time(ms) Kernel GPU_time(ms) TransferIn(ms) TransferOut(ms) Speedup_noTrf Speedup
    0.122880     0     0.000000       0.000000        0.000000           inf     inf
    0.122880     1     0.038208       0.041408        0.026304          3.22    1.16
    0.122880     2     0.034304       0.042432        0.023296          3.58    1.23
    0.122880     3     0.032768       0.042176        0.024064          3.75    1.24
    0.122880     4     0.032768       0.042528        0.024096          3.75    1.24
    0.122880     5     0.032768       0.042176        0.023744          3.75    1.25
CPU_time(ms) Kernel GPU_time(ms) TransferIn(ms) TransferOut(ms) Speedup_noTrf Speedup
    0.130240     0     0.000000       0.000000        0.000000           inf     inf
    0.130240     1     0.012448       0.022528        0.011392         10.46    2.81
    0.130240     2     0.008992       0.019296        0.010304         14.48    3.37
    0.130240     3     0.010240       0.019520        0.011040         12.72    3.19
    0.130240     4     0.032640       0.040864        0.023424          3.99    1.34
    0.130240     5     0.032896       0.043072        0.023264          3.96    1.31
CPU_time(ms) Kernel GPU_time(ms) TransferIn(ms) TransferOut(ms) Speedup_noTrf Speedup
    0.119200     0     0.000000       0.000000        0.000000           inf     inf
    0.119200     1     0.012544       0.016192        0.010112          9.50    3.07
    0.119200     2     0.006848       0.017664        0.009088         17.41    3.55
    0.119200     3     0.007872       0.020288        0.009152         15.14    3.19
    0.119200     4     0.008128       0.017888        0.009568         14.67    3.35
    0.119200     5     0.008736       0.018336        0.010304         13.64    3.19
CPU_time(ms) Kernel GPU_time(ms) TransferIn(ms) TransferOut(ms) Speedup_noTrf Speedup
    0.184480     0     0.000000       0.000000        0.000000           inf     inf
    0.184480     1     0.012288       0.020960        0.010944         15.01    4.17
    0.184480     2     0.007072       0.017408        0.009280         26.09    5.46
    0.184480     3     0.006368       0.017184        0.009120         28.97    5.65
    0.184480     4     0.006976       0.017984        0.008768         26.44    5.47
    0.184480     5     0.008000       0.019104        0.009280         23.06    5.07
CPU_time(ms) Kernel GPU_time(ms) TransferIn(ms) TransferOut(ms) Speedup_noTrf Speedup
    0.195584     0     0.000000       0.000000        0.000000           inf     inf
    0.195584     1     0.022528       0.028800        0.017632          8.68    2.84
    0.195584     2     0.022528       0.033632        0.017696          8.68    2.65
    0.195584     3     0.029696       0.040256        0.022624          6.59    2.11
    0.195584     4     0.032224       0.041952        0.023872          6.07    1.99
    0.195584     5     0.031680       0.042176        0.023776          6.17    2.00
CPU_time(ms) Kernel GPU_time(ms) TransferIn(ms) TransferOut(ms) Speedup_noTrf Speedup
    0.120832     0     0.000000       0.000000        0.000000           inf     inf
    0.120832     1     0.012224       0.020704        0.009728          9.88    2.83
    0.120832     2     0.007104       0.017568        0.010240         17.01    3.46
    0.120832     3     0.012288       0.019104        0.010752          9.83    2.87
    0.120832     4     0.008256       0.018144        0.009056         14.64    3.41
    0.120832     5     0.014528       0.020160        0.011072          8.32    2.64
CPU_time(ms) Kernel GPU_time(ms) TransferIn(ms) TransferOut(ms) Speedup_noTrf Speedup
    0.119616     0     0.000000       0.000000        0.000000           inf     inf
    0.119616     1     0.038912       0.043008        0.027392          3.07    1.09
    0.119616     2     0.034368       0.041792        0.023872          3.48    1.20
    0.119616     3     0.034816       0.043104        0.024384          3.44    1.17
    0.119616     4     0.032768       0.041824        0.022688          3.65    1.23
    0.119616     5     0.034144       0.043040        0.024768          3.50    1.17
CPU_time(ms) Kernel GPU_time(ms) TransferIn(ms) TransferOut(ms) Speedup_noTrf Speedup
    0.126976     0     0.000000       0.000000        0.000000           inf     inf
    0.126976     1     0.012288       0.016384        0.010784         10.33    3.22
    0.126976     2     0.008192       0.017536        0.009344         15.50    3.62
    0.126976     3     0.009696       0.017568        0.010080         13.10    3.40
    0.126976     4     0.009984       0.018592        0.009760         12.72    3.31
    0.126976     5     0.009952       0.021056        0.010656         12.76    3.05
CPU_time(ms) Kernel GPU_time(ms) TransferIn(ms) TransferOut(ms) Speedup_noTrf Speedup
    0.117504     0     0.000000       0.000000        0.000000           inf     inf
    0.117504     1     0.012672       0.020160        0.009984          9.27    2.74
    0.117504     2     0.008192       0.017568        0.009152         14.34    3.37
    0.117504     3     0.007936       0.019136        0.008960         14.81    3.26
    0.117504     4     0.008192       0.018240        0.008960         14.34    3.32
    0.117504     5     0.009216       0.019232        0.009472         12.75    3.10
CPU_time(ms) Kernel GPU_time(ms) TransferIn(ms) TransferOut(ms) Speedup_noTrf Speedup
    0.128000     0     0.000000       0.000000        0.000000           inf     inf
    0.128000     1     0.012288       0.020480        0.010976         10.42    2.93
    0.128000     2     0.008192       0.017728        0.009760         15.63    3.59
    0.128000     3     0.010240       0.019104        0.010048         12.50    3.25
    0.128000     4     0.010336       0.019616        0.010848         12.38    3.14
    0.128000     5     0.033472       0.042848        0.023456          3.82    1.28
CPU_time(ms) Kernel GPU_time(ms) TransferIn(ms) TransferOut(ms) Speedup_noTrf Speedup
    0.116128     0     0.000000       0.000000        0.000000           inf     inf
    0.116128     1     0.012128       0.016384        0.008832          9.58    3.11
    0.116128     2     0.043328       0.047584        0.026336          2.68    0.99
    0.116128     3     0.043008       0.048256        0.026624          2.70    0.99
    0.116128     4     0.032768       0.041216        0.023712          3.54    1.19
    0.116128     5     0.033024       0.041824        0.024704          3.52    1.17
CPU_time(ms) Kernel GPU_time(ms) TransferIn(ms) TransferOut(ms) Speedup_noTrf Speedup
    0.120832     0     0.000000       0.000000        0.000000           inf     inf
    0.120832     1     0.037504       0.053248        0.026784          3.22    1.03
    0.120832     2     0.031264       0.041856        0.023936          3.86    1.24
    0.120832     3     0.033120       0.040768        0.022784          3.65    1.25
    0.120832     4     0.032256       0.041760        0.024128          3.75    1.23
    0.120832     5     0.032768       0.042816        0.023680          3.69    1.22
CPU_time(ms) Kernel GPU_time(ms) TransferIn(ms) TransferOut(ms) Speedup_noTrf Speedup
    0.114432     0     0.000000       0.000000        0.000000           inf     inf
    0.114432     1     0.012512       0.016384        0.010688          9.15    2.89
    0.114432     2     0.008192       0.017728        0.010208         13.97    3.17
    0.114432     3     0.008192       0.017792        0.008768         13.97    3.29
    0.114432     4     0.009376       0.018976        0.008768         12.20    3.08
    0.114432     5     0.009344       0.018720        0.009408         12.25    3.05
CPU_time(ms) Kernel GPU_time(ms) TransferIn(ms) TransferOut(ms) Speedup_noTrf Speedup
    0.125216     0     0.000000       0.000000        0.000000           inf     inf
    0.125216     1     0.012736       0.020480        0.011808          9.83    2.78
    0.125216     2     0.008192       0.017632        0.009216         15.29    3.57
    0.125216     3     0.008000       0.016992        0.009280         15.65    3.65
    0.125216     4     0.009344       0.017888        0.008736         13.40    3.48
    0.125216     5     0.009664       0.018272        0.009600         12.96    3.34
CPU_time(ms) Kernel GPU_time(ms) TransferIn(ms) TransferOut(ms) Speedup_noTrf Speedup
    0.120384     0     0.000000       0.000000        0.000000           inf     inf
    0.120384     1     0.012288       0.016800        0.010944          9.80    3.01
    0.120384     2     0.010880       0.017312        0.034912         11.06    1.91
    0.120384     3     0.008000       0.016640        0.009760         15.05    3.50
    0.120384     4     0.008128       0.019360        0.009536         14.81    3.25
    0.120384     5     0.008288       0.018112        0.009920         14.53    3.31
CPU_time(ms) Kernel GPU_time(ms) TransferIn(ms) TransferOut(ms) Speedup_noTrf Speedup
    0.118784     0     0.000000       0.000000        0.000000           inf     inf
    0.118784     1     0.013312       0.016768        0.010784          8.92    2.91
    0.118784     2     0.008096       0.016832        0.010240         14.67    3.38
    0.118784     3     0.007904       0.017792        0.009472         15.03    3.38
    0.118784     4     0.008064       0.018560        0.009312         14.73    3.31
    0.118784     5     0.008576       0.020032        0.008896         13.85    3.17
CPU_time(ms) Kernel GPU_time(ms) TransferIn(ms) TransferOut(ms) Speedup_noTrf Speedup
    0.122816     0     0.000000       0.000000        0.000000           inf     inf
    0.122816     1     0.037216       0.043008        0.027008          3.30    1.15
    0.122816     2     0.033600       0.041600        0.024128          3.66    1.24
    0.122816     3     0.033312       0.041216        0.023296          3.69    1.26
    0.122816     4     0.032768       0.040448        0.025344          3.75    1.25
    0.122816     5     0.033472       0.041408        0.024576          3.67    1.23
CPU_time(ms) Kernel GPU_time(ms) TransferIn(ms) TransferOut(ms) Speedup_noTrf Speedup
    0.124768     0     0.000000       0.000000        0.000000           inf     inf
    0.124768     1     0.012224       0.016384        0.010624         10.21    3.18
    0.124768     2     0.006880       0.030464        0.009280         18.13    2.68
    0.124768     3     0.007904       0.017440        0.009856         15.79    3.54
    0.124768     4     0.008160       0.018496        0.009504         15.29    3.45
    0.124768     5     0.010016       0.018368        0.009376         12.46    3.30
CPU_time(ms) Kernel GPU_time(ms) TransferIn(ms) TransferOut(ms) Speedup_noTrf Speedup
    0.121952     0     0.000000       0.000000        0.000000           inf     inf
    0.121952     1     0.012288       0.016704        0.009344          9.92    3.18
    0.121952     2     0.006144       0.017312        0.009152         19.85    3.74
    0.121952     3     0.006624       0.017408        0.008800         18.41    3.71
    0.121952     4     0.008192       0.017376        0.008896         14.89    3.54
    0.121952     5     0.008192       0.017344        0.008896         14.89    3.54
CPU_time(ms) Kernel GPU_time(ms) TransferIn(ms) TransferOut(ms) Speedup_noTrf Speedup
    0.208512     0     0.000000       0.000000        0.000000           inf     inf
    0.208512     1     0.022176       0.038336        0.017248          9.40    2.68
    0.208512     2     0.022528       0.032352        0.018336          9.26    2.85
    0.208512     3     0.030816       0.038144        0.021408          6.77    2.31
    0.208512     4     0.031712       0.042112        0.022816          6.58    2.16
    0.208512     5     0.035808       0.043008        0.024064          5.82    2.03
CPU_time(ms) Kernel GPU_time(ms) TransferIn(ms) TransferOut(ms) Speedup_noTrf Speedup
    0.122880     0     0.000000       0.000000        0.000000           inf     inf
    0.122880     1     0.012384       0.017088        0.010560          9.92    3.07
    0.122880     2     0.008192       0.017600        0.010048         15.00    3.43
    0.122880     3     0.007104       0.018944        0.008992         17.30    3.51
    0.122880     4     0.008192       0.018432        0.008896         15.00    3.46
    0.122880     5     0.009344       0.019488        0.009824         13.15    3.18
CPU_time(ms) Kernel GPU_time(ms) TransferIn(ms) TransferOut(ms) Speedup_noTrf Speedup
    0.093120     0     0.000000       0.000000        0.000000           inf     inf
    0.093120     1     0.012384       0.016384        0.011840          7.52    2.29
    0.093120     2     0.007200       0.016928        0.009152         12.93    2.80
    0.093120     3     0.008192       0.017600        0.008992         11.37    2.68
    0.093120     4     0.008416       0.017472        0.009120         11.06    2.66
    0.093120     5     0.008960       0.018400        0.009120         10.39    2.55
CPU_time(ms) Kernel GPU_time(ms) TransferIn(ms) TransferOut(ms) Speedup_noTrf Speedup
    0.114560     0     0.000000       0.000000        0.000000           inf     inf
    0.114560     1     0.012992       0.016480        0.009696          8.82    2.92
    0.114560     2     0.006976       0.018048        0.009792         16.42    3.29
    0.114560     3     0.007904       0.017536        0.009408         14.49    3.29
    0.114560     4     0.006624       0.017376        0.008768         17.29    3.50
    0.114560     5     0.008352       0.018080        0.009152         13.72    3.22
CPU_time(ms) Kernel GPU_time(ms) TransferIn(ms) TransferOut(ms) Speedup_noTrf Speedup
    0.119584     0     0.000000       0.000000        0.000000           inf     inf
    0.119584     1     0.037088       0.054240        0.025536          3.22    1.02
    0.119584     2     0.031936       0.041376        0.023648          3.74    1.23
    0.119584     3     0.033152       0.042304        0.023168          3.61    1.21
    0.119584     4     0.040096       0.047424        0.025568          2.98    1.06
    0.119584     5     0.040896       0.047936        0.024864          2.92    1.05
CPU_time(ms) Kernel GPU_time(ms) TransferIn(ms) TransferOut(ms) Speedup_noTrf Speedup
    0.120800     0     0.000000       0.000000        0.000000           inf     inf
    0.120800     1     0.012288       0.017984        0.009536          9.83    3.03
    0.120800     2     0.007616       0.017760        0.009408         15.86    3.47
    0.120800     3     0.008192       0.018944        0.008896         14.75    3.35
    0.120800     4     0.007520       0.017184        0.009152         16.06    3.57
    0.120800     5     0.007136       0.018080        0.008992         16.93    3.53
CPU_time(ms) Kernel GPU_time(ms) TransferIn(ms) TransferOut(ms) Speedup_noTrf Speedup
    0.163968     0     0.000000       0.000000        0.000000           inf     inf
    0.163968     1     0.012928       0.018432        0.010784         12.68    3.89
    0.163968     2     0.038592       0.043712        0.026400          4.25    1.51
    0.163968     3     0.037344       0.045216        0.026912          4.39    1.50
    0.163968     4     0.036864       0.045664        0.024928          4.45    1.53
    0.163968     5     0.036864       0.043616        0.026816          4.45    1.53
CPU_time(ms) Kernel GPU_time(ms) TransferIn(ms) TransferOut(ms) Speedup_noTrf Speedup
    0.121312     0     0.000000       0.000000        0.000000           inf     inf
    0.121312     1     0.012288       0.017568        0.011008          9.87    2.97
    0.121312     2     0.034816       0.041312        0.024544          3.48    1.21
    0.121312     3     0.034816       0.042016        0.024800          3.48    1.19
    0.121312     4     0.033344       0.042400        0.024512          3.64    1.21
    0.121312     5     0.033088       0.042272        0.023520          3.67    1.23
