CPU_time(ms) Kernel GPU_time(ms) TransferIn(ms) TransferOut(ms) Speedup_noTrf Speedup
    0.456704     0     0.000000       0.000000        0.000000           inf     inf
    0.456704     1     0.040672       0.063584        0.030400         11.23    3.39
    0.456704     2     0.043552       0.052448        0.029792         10.49    3.63
    0.456704     3     3.536288       0.049152        0.029728          0.13    0.13
    0.456704     4     0.158592       0.053024        0.028864          2.88    1.90
    0.456704     5     0.043072       0.052704        0.029024         10.60    3.66
CPU_time(ms) Kernel GPU_time(ms) TransferIn(ms) TransferOut(ms) Speedup_noTrf Speedup
    1.216800     0     0.000000       0.000000        0.000000           inf     inf
    1.216800     1     0.038816       0.065344        0.029504         31.35    9.10
    1.216800     2     0.032768       0.047616        0.027840         37.13   11.24
    1.216800     3     3.539744       0.054208        0.030848          0.34    0.34
    1.216800     4     0.159584       0.053792        0.028928          7.62    5.02
    1.216800     5     0.041344       0.053280        0.028192         29.43    9.91
CPU_time(ms) Kernel GPU_time(ms) TransferIn(ms) TransferOut(ms) Speedup_noTrf Speedup
    0.431840     0     0.000000       0.000000        0.000000           inf     inf
    0.431840     1     0.014400       0.020032        0.012832         29.99    9.14
    0.431840     2     0.011392       0.021376        0.011520         37.91    9.75
    0.431840     3     3.520864       0.022240        0.012032          0.12    0.12
    0.431840     4     0.138656       0.024256        0.012512          3.11    2.46
    0.431840     5     0.012768       0.024320        0.013792         33.82    8.49
CPU_time(ms) Kernel GPU_time(ms) TransferIn(ms) TransferOut(ms) Speedup_noTrf Speedup
    0.399232     0     0.000000       0.000000        0.000000           inf     inf
    0.399232     1     0.037856       0.049888        0.031008         10.55    3.36
    0.399232     2     0.031520       0.046816        0.027776         12.67    3.76
    0.399232     3     3.535968       0.047360        0.027008          0.11    0.11
    0.399232     4     0.151616       0.048832        0.027520          2.63    1.75
    0.399232     5     0.032768       0.047584        0.028000         12.18    3.68
CPU_time(ms) Kernel GPU_time(ms) TransferIn(ms) TransferOut(ms) Speedup_noTrf Speedup
    0.503808     0     0.000000       0.000000        0.000000           inf     inf
    0.503808     1     0.013664       0.022816        0.011616         36.87   10.48
    0.503808     2     0.009984       0.019264        0.011360         50.46   12.41
    0.503808     3     3.519136       0.022016        0.010816          0.14    0.14
    0.503808     4     0.137600       0.021568        0.011200          3.66    2.96
    0.503808     5     0.010976       0.021280        0.012160         45.90   11.34
CPU_time(ms) Kernel GPU_time(ms) TransferIn(ms) TransferOut(ms) Speedup_noTrf Speedup
    1.271232     0     0.000000       0.000000        0.000000           inf     inf
    1.271232     1     0.036800       0.049408        0.029984         34.54   10.94
    1.271232     2     0.050944       0.048224        0.029760         24.95    9.86
    1.271232     3     3.563232       0.048416        0.030336          0.36    0.35
    1.271232     4     0.153600       0.051136        0.026912          8.28    5.49
    1.271232     5     0.034080       0.048576        0.027424         37.30   11.55
CPU_time(ms) Kernel GPU_time(ms) TransferIn(ms) TransferOut(ms) Speedup_noTrf Speedup
    0.455936     0     0.000000       0.000000        0.000000           inf     inf
    0.455936     1     0.014112       0.018432        0.011392         32.31   10.38
    0.455936     2     0.008672       0.019968        0.011040         52.58   11.49
    0.455936     3     3.548864       0.020256        0.010240          0.13    0.13
    0.455936     4     0.143776       0.021984        0.012448          3.17    2.56
    0.455936     5     0.011296       0.020736        0.011776         40.36   10.41
CPU_time(ms) Kernel GPU_time(ms) TransferIn(ms) TransferOut(ms) Speedup_noTrf Speedup
    0.443712     0     0.000000       0.000000        0.000000           inf     inf
    0.443712     1     0.014336       0.022336        0.011232         30.95    9.26
    0.443712     2     0.032768       0.046720        0.028416         13.54    4.11
    0.443712     3     3.561472       0.047168        0.028064          0.12    0.12
    0.443712     4     0.151712       0.047040        0.027424          2.92    1.96
    0.443712     5     0.034208       0.048384        0.027520         12.97    4.03
CPU_time(ms) Kernel GPU_time(ms) TransferIn(ms) TransferOut(ms) Speedup_noTrf Speedup
    0.557056     0     0.000000       0.000000        0.000000           inf     inf
    0.557056     1     0.013280       0.022304        0.011232         41.95   11.90
    0.557056     2     0.008768       0.020128        0.010304         63.53   14.21
    0.557056     3     3.547136       0.020800        0.011904          0.16    0.16
    0.557056     4     0.139264       0.021536        0.011232          4.00    3.24
    0.557056     5     0.036608       0.049216        0.029376         15.22    4.84
CPU_time(ms) Kernel GPU_time(ms) TransferIn(ms) TransferOut(ms) Speedup_noTrf Speedup
    0.481600     0     0.000000       0.000000        0.000000           inf     inf
    0.481600     1     0.037792       0.063616        0.030464         12.74    3.65
    0.481600     2     0.033280       0.048000        0.029152         14.47    4.36
    0.481600     3     3.565568       0.048384        0.029984          0.14    0.13
    0.481600     4     0.157600       0.052576        0.030240          3.06    2.00
    0.481600     5     0.035744       0.047520        0.027648         13.47    4.34
CPU_time(ms) Kernel GPU_time(ms) TransferIn(ms) TransferOut(ms) Speedup_noTrf Speedup
    0.498336     0     0.000000       0.000000        0.000000           inf     inf
    0.498336     1     0.038912       0.048832        0.029312         12.81    4.26
    0.498336     2     0.032992       0.047008        0.027776         15.10    4.62
    0.498336     3     3.562464       0.047488        0.028448          0.14    0.14
    0.498336     4     0.152832       0.046464        0.027040          3.26    2.20
    0.498336     5     0.034816       0.047616        0.027008         14.31    4.55
CPU_time(ms) Kernel GPU_time(ms) TransferIn(ms) TransferOut(ms) Speedup_noTrf Speedup
    0.514304     0     0.000000       0.000000        0.000000           inf     inf
    0.514304     1     0.038912       0.063488        0.030976         13.22    3.86
    0.514304     2     0.032832       0.049312        0.029024         15.66    4.63
    0.514304     3     3.597280       0.056000        0.031520          0.14    0.14
    0.514304     4     0.154336       0.050880        0.028544          3.33    2.20
    0.514304     5     0.043200       0.055456        0.030240         11.91    3.99
CPU_time(ms) Kernel GPU_time(ms) TransferIn(ms) TransferOut(ms) Speedup_noTrf Speedup
    0.623904     0     0.000000       0.000000        0.000000           inf     inf
    0.623904     1     0.013952       0.018432        0.011808         44.72   14.12
    0.623904     2     0.009696       0.020832        0.011008         64.35   15.02
    0.623904     3     3.572256       0.021568        0.011360          0.17    0.17
    0.623904     4     0.143360       0.024032        0.012800          4.35    3.46
    0.623904     5     0.012288       0.023136        0.012832         50.77   12.93
CPU_time(ms) Kernel GPU_time(ms) TransferIn(ms) TransferOut(ms) Speedup_noTrf Speedup
    1.207040     0     0.000000       0.000000        0.000000           inf     inf
    1.207040     1     0.038656       0.049728        0.030112         31.23   10.19
    1.207040     2     0.034368       0.046880        0.027680         35.12   11.08
    1.207040     3     3.587904       0.048960        0.028192          0.34    0.33
    1.207040     4     0.153600       0.048416        0.027328          7.86    5.26
    1.207040     5     0.043008       0.052736        0.029792         28.07    9.62
CPU_time(ms) Kernel GPU_time(ms) TransferIn(ms) TransferOut(ms) Speedup_noTrf Speedup
    1.138688     0     0.000000       0.000000        0.000000           inf     inf
    1.138688     1     0.038912       0.049760        0.029184         29.26    9.66
    1.138688     2     0.032672       0.047648        0.028192         34.85   10.49
    1.138688     3     3.589696       0.048416        0.028672          0.32    0.31
    1.138688     4     0.154784       0.048224        0.028256          7.36    4.92
    1.138688     5     0.033536       0.048160        0.027264         33.95   10.45
CPU_time(ms) Kernel GPU_time(ms) TransferIn(ms) TransferOut(ms) Speedup_noTrf Speedup
    0.466112     0     0.000000       0.000000        0.000000           inf     inf
    0.466112     1     0.037600       0.066848        0.030144         12.40    3.46
    0.466112     2     0.032800       0.047360        0.029504         14.21    4.25
    0.466112     3     3.588128       0.048480        0.030048          0.13    0.13
    0.466112     4     0.155232       0.049504        0.028192          3.00    2.00
    0.466112     5     0.034816       0.047456        0.027552         13.39    4.24
CPU_time(ms) Kernel GPU_time(ms) TransferIn(ms) TransferOut(ms) Speedup_noTrf Speedup
    0.520512     0     0.000000       0.000000        0.000000           inf     inf
    0.520512     1     0.014336       0.020800        0.012096         36.31   11.02
    0.520512     2     0.009696       0.020224        0.010720         53.68   12.81
    0.520512     3     3.572864       0.020512        0.011424          0.15    0.14
    0.520512     4     0.139264       0.021152        0.010496          3.74    3.05
    0.520512     5     0.010240       0.021984        0.012096         50.83   11.74
CPU_time(ms) Kernel GPU_time(ms) TransferIn(ms) TransferOut(ms) Speedup_noTrf Speedup
    0.297984     0     0.000000       0.000000        0.000000           inf     inf
    0.297984     1     0.014304       0.021504        0.011296         20.83    6.33
    0.297984     2     0.009696       0.030880        0.010976         30.73    5.78
    0.297984     3     3.572384       0.020896        0.011872          0.08    0.08
    0.297984     4     0.140160       0.021536        0.011296          2.13    1.72
    0.297984     5     0.010976       0.021984        0.012320         27.15    6.58
CPU_time(ms) Kernel GPU_time(ms) TransferIn(ms) TransferOut(ms) Speedup_noTrf Speedup
    0.595360     0     0.000000       0.000000        0.000000           inf     inf
    0.595360     1     0.014336       0.019520        0.011488         41.53   13.13
    0.595360     2     0.009440       0.020032        0.010592         63.07   14.86
    0.595360     3     3.573760       0.020064        0.011872          0.17    0.17
    0.595360     4     0.138848       0.020768        0.011392          4.29    3.48
    0.595360     5     0.011552       0.020960        0.012192         51.54   13.32
CPU_time(ms) Kernel GPU_time(ms) TransferIn(ms) TransferOut(ms) Speedup_noTrf Speedup
    0.603904     0     0.000000       0.000000        0.000000           inf     inf
    0.603904     1     0.038912       0.049248        0.031168         15.52    5.06
    0.603904     2     0.034816       0.048736        0.028128         17.35    5.41
    0.603904     3     3.588128       0.049120        0.029856          0.17    0.16
    0.603904     4     0.153696       0.048416        0.026560          3.93    2.64
    0.603904     5     0.034816       0.047008        0.027840         17.35    5.51
CPU_time(ms) Kernel GPU_time(ms) TransferIn(ms) TransferOut(ms) Speedup_noTrf Speedup
    0.481280     0     0.000000       0.000000        0.000000           inf     inf
    0.481280     1     0.014176       0.022528        0.013344         33.95    9.62
    0.481280     2     0.009024       0.022016        0.010592         53.33   11.56
    0.481280     3     3.572320       0.021632        0.012960          0.13    0.13
    0.481280     4     0.139936       0.021696        0.011520          3.44    2.78
    0.481280     5     0.012288       0.025184        0.013984         39.17    9.35
CPU_time(ms) Kernel GPU_time(ms) TransferIn(ms) TransferOut(ms) Speedup_noTrf Speedup
    0.525408     0     0.000000       0.000000        0.000000           inf     inf
    0.525408     1     0.013824       0.018784        0.011456         38.01   11.92
    0.525408     2     0.008224       0.020416        0.010624         63.89   13.38
    0.525408     3     3.579072       0.020416        0.012096          0.15    0.15
    0.525408     4     0.139104       0.020928        0.010592          3.78    3.08
    0.525408     5     0.010304       0.021728        0.011392         50.99   12.10
CPU_time(ms) Kernel GPU_time(ms) TransferIn(ms) TransferOut(ms) Speedup_noTrf Speedup
    0.548992     0     0.000000       0.000000        0.000000           inf     inf
    0.548992     1     0.059392       0.076576        0.032736          9.24    3.25
    0.548992     2     0.033536       0.048576        0.026976         16.37    5.03
    0.548992     3     3.591968       0.048416        0.030400          0.15    0.15
    0.548992     4     0.161792       0.053888        0.027840          3.39    2.25
    0.548992     5     0.042016       0.054368        0.028096         13.07    4.41
CPU_time(ms) Kernel GPU_time(ms) TransferIn(ms) TransferOut(ms) Speedup_noTrf Speedup
    0.602304     0     0.000000       0.000000        0.000000           inf     inf
    0.602304     1     0.014336       0.019584        0.011680         42.01   13.21
    0.602304     2     0.009984       0.020128        0.011776         60.33   14.38
    0.602304     3     3.574304       0.021056        0.010656          0.17    0.17
    0.602304     4     0.138208       0.022112        0.010240          4.36    3.53
    0.602304     5     0.009152       0.021312        0.011680         65.81   14.29
CPU_time(ms) Kernel GPU_time(ms) TransferIn(ms) TransferOut(ms) Speedup_noTrf Speedup
    1.164288     0     0.000000       0.000000        0.000000           inf     inf
    1.164288     1     0.036960       0.049504        0.031136         31.50    9.90
    1.164288     2     0.032576       0.046400        0.028000         35.74   10.88
    1.164288     3     3.588896       0.047488        0.029024          0.32    0.32
    1.164288     4     0.153952       0.047392        0.028384          7.56    5.07
    1.164288     5     0.034816       0.047072        0.026528         33.44   10.74
CPU_time(ms) Kernel GPU_time(ms) TransferIn(ms) TransferOut(ms) Speedup_noTrf Speedup
    0.610048     0     0.000000       0.000000        0.000000           inf     inf
    0.610048     1     0.014336       0.022016        0.011584         42.55   12.73
    0.610048     2     0.009632       0.019904        0.010848         63.34   15.11
    0.610048     3     3.576864       0.020480        0.011776          0.17    0.17
    0.610048     4     0.144000       0.022400        0.011360          4.24    3.43
    0.610048     5     0.012288       0.022848        0.012512         49.65   12.80
CPU_time(ms) Kernel GPU_time(ms) TransferIn(ms) TransferOut(ms) Speedup_noTrf Speedup
    0.690784     0     0.000000       0.000000        0.000000           inf     inf
    0.690784     1     0.021472       0.040960        0.019840         32.17    8.40
    0.690784     2     0.029504       0.042848        0.023936         23.41    7.17
    0.690784     3     3.590624       0.045024        0.030272          0.19    0.19
    0.690784     4     0.160352       0.052864        0.028608          4.31    2.86
    0.690784     5     0.010240       0.020512        0.010272         67.46   16.84
CPU_time(ms) Kernel GPU_time(ms) TransferIn(ms) TransferOut(ms) Speedup_noTrf Speedup
    1.394688     0     0.000000       0.000000        0.000000           inf     inf
    1.394688     1     0.038912       0.072608        0.030752         35.84    9.80
    1.394688     2     0.040960       0.054400        0.030976         34.05   11.04
    1.394688     3     3.598336       0.055328        0.031328          0.39    0.38
    1.394688     4     0.162400       0.055200        0.029504          8.59    5.64
    1.394688     5     0.041696       0.053504        0.030560         33.45   11.09
CPU_time(ms) Kernel GPU_time(ms) TransferIn(ms) TransferOut(ms) Speedup_noTrf Speedup
    1.272384     0     0.000000       0.000000        0.000000           inf     inf
    1.272384     1     0.038912       0.063488        0.030272         32.70    9.59
    1.272384     2     0.034048       0.048224        0.027648         37.37   11.58
    1.272384     3     3.590144       0.048928        0.029888          0.35    0.35
    1.272384     4     0.153600       0.051008        0.027904          8.28    5.47
    1.272384     5     0.034720       0.048160        0.028160         36.65   11.46
CPU_time(ms) Kernel GPU_time(ms) TransferIn(ms) TransferOut(ms) Speedup_noTrf Speedup
    0.394880     0     0.000000       0.000000        0.000000           inf     inf
    0.394880     1     0.014368       0.024032        0.012256         27.48    7.80
    0.394880     2     0.010240       0.021152        0.011840         38.56    9.13
    0.394880     3     3.580096       0.023200        0.012224          0.11    0.11
    0.394880     4     0.140576       0.023776        0.012832          2.81    2.23
    0.394880     5     0.012288       0.024512        0.014336         32.14    7.72
CPU_time(ms) Kernel GPU_time(ms) TransferIn(ms) TransferOut(ms) Speedup_noTrf Speedup
    0.541152     0     0.000000       0.000000        0.000000           inf     inf
    0.541152     1     0.037952       0.063776        0.030048         14.26    4.11
    0.541152     2     0.032992       0.045952        0.027232         16.40    5.10
    0.541152     3     3.590944       0.048160        0.029472          0.15    0.15
    0.541152     4     0.160608       0.053696        0.029344          3.37    2.22
    0.541152     5     0.035776       0.048512        0.027968         15.13    4.82
CPU_time(ms) Kernel GPU_time(ms) TransferIn(ms) TransferOut(ms) Speedup_noTrf Speedup
    0.538592     0     0.000000       0.000000        0.000000           inf     inf
    0.538592     1     0.036832       0.062016        0.029408         14.62    4.20
    0.538592     2     0.037152       0.050912        0.029408         14.50    4.58
    0.538592     3     3.588416       0.047648        0.028992          0.15    0.15
    0.538592     4     0.159776       0.052416        0.028064          3.37    2.24
    0.538592     5     0.034656       0.047008        0.027200         15.54    4.95
CPU_time(ms) Kernel GPU_time(ms) TransferIn(ms) TransferOut(ms) Speedup_noTrf Speedup
    0.426176     0     0.000000       0.000000        0.000000           inf     inf
    0.426176     1     0.014336       0.021888        0.010528         29.73    9.12
    0.426176     2     0.011264       0.020352        0.011232         37.84    9.95
    0.426176     3     3.606784       0.020960        0.011456          0.12    0.12
    0.426176     4     0.141280       0.020192        0.010656          3.02    2.48
    0.426176     5     0.034816       0.048704        0.027168         12.24    3.85
CPU_time(ms) Kernel GPU_time(ms) TransferIn(ms) TransferOut(ms) Speedup_noTrf Speedup
    0.435456     0     0.000000       0.000000        0.000000           inf     inf
    0.435456     1     0.013472       0.018944        0.011008         32.32   10.03
    0.435456     2     0.009056       0.020256        0.011136         48.08   10.77
    0.435456     3     3.604480       0.019744        0.010112          0.12    0.12
    0.435456     4     0.139936       0.021472        0.010624          3.11    2.53
    0.435456     5     0.010848       0.021216        0.011936         40.14    9.90
CPU_time(ms) Kernel GPU_time(ms) TransferIn(ms) TransferOut(ms) Speedup_noTrf Speedup
    0.516096     0     0.000000       0.000000        0.000000           inf     inf
    0.516096     1     0.014112       0.019456        0.010752         36.57   11.64
    0.516096     2     0.008192       0.019392        0.010432         63.00   13.58
    0.516096     3     3.618848       0.047200        0.029344          0.14    0.14
    0.516096     4     0.155648       0.047104        0.027648          3.32    2.24
    0.516096     5     0.033184       0.048352        0.027648         15.55    4.73
CPU_time(ms) Kernel GPU_time(ms) TransferIn(ms) TransferOut(ms) Speedup_noTrf Speedup
    1.310560     0     0.000000       0.000000        0.000000           inf     inf
    1.310560     1     0.038912       0.061792        0.030304         33.68   10.00
    1.310560     2     0.032704       0.046912        0.027840         40.07   12.20
    1.310560     3     3.621312       0.048096        0.028864          0.36    0.35
    1.310560     4     0.162144       0.053344        0.029312          8.08    5.35
    1.310560     5     0.042464       0.054752        0.028960         30.86   10.39
CPU_time(ms) Kernel GPU_time(ms) TransferIn(ms) TransferOut(ms) Speedup_noTrf Speedup
    0.481056     0     0.000000       0.000000        0.000000           inf     inf
    0.481056     1     0.037888       0.050656        0.029952         12.70    4.06
    0.481056     2     0.036032       0.048608        0.028672         13.35    4.25
    0.481056     3     3.621760       0.049280        0.030240          0.13    0.13
    0.481056     4     0.161472       0.053216        0.030944          2.98    1.96
    0.481056     5     0.034816       0.049024        0.052448         13.82    3.53
CPU_time(ms) Kernel GPU_time(ms) TransferIn(ms) TransferOut(ms) Speedup_noTrf Speedup
    0.411648     0     0.000000       0.000000        0.000000           inf     inf
    0.411648     1     0.016384       0.020288        0.012096         25.12    8.44
    0.411648     2     0.010048       0.020320        0.010880         40.97    9.98
    0.411648     3     3.604736       0.022432        0.012320          0.11    0.11
    0.411648     4     0.141216       0.023200        0.012480          2.92    2.33
    0.411648     5     0.018176       0.026144        0.015104         22.65    6.93
CPU_time(ms) Kernel GPU_time(ms) TransferIn(ms) TransferOut(ms) Speedup_noTrf Speedup
    0.577536     0     0.000000       0.000000        0.000000           inf     inf
    0.577536     1     0.038208       0.063072        0.029600         15.12    4.41
    0.577536     2     0.034048       0.046528        0.027456         16.96    5.35
    0.577536     3     3.620864       0.047904        0.027936          0.16    0.16
    0.577536     4     0.155744       0.048800        0.026016          3.71    2.50
    0.577536     5     0.033184       0.046528        0.027104         17.40    5.41
CPU_time(ms) Kernel GPU_time(ms) TransferIn(ms) TransferOut(ms) Speedup_noTrf Speedup
    0.423936     0     0.000000       0.000000        0.000000           inf     inf
    0.423936     1     0.014336       0.019936        0.012960         29.57    8.98
    0.423936     2     0.008512       0.020096        0.010624         49.80   10.81
    0.423936     3     3.602944       0.020128        0.010432          0.12    0.12
    0.423936     4     0.139264       0.020608        0.010240          3.04    2.49
    0.423936     5     0.010112       0.020928        0.010432         41.92   10.22
CPU_time(ms) Kernel GPU_time(ms) TransferIn(ms) TransferOut(ms) Speedup_noTrf Speedup
    0.603136     0     0.000000       0.000000        0.000000           inf     inf
    0.603136     1     0.013984       0.021472        0.012736         43.13   12.52
    0.603136     2     0.008192       0.020448        0.010336         73.62   15.47
    0.603136     3     3.604480       0.019584        0.009888          0.17    0.17
    0.603136     4     0.139328       0.020576        0.010528          4.33    3.54
    0.603136     5     0.009984       0.020448        0.011328         60.41   14.44
CPU_time(ms) Kernel GPU_time(ms) TransferIn(ms) TransferOut(ms) Speedup_noTrf Speedup
    0.611584     0     0.000000       0.000000        0.000000           inf     inf
    0.611584     1     0.014336       0.021952        0.011648         42.66   12.76
    0.611584     2     0.008192       0.020032        0.010304         74.66   15.87
    0.611584     3     3.604608       0.020672        0.010592          0.17    0.17
    0.611584     4     0.143360       0.021280        0.011648          4.27    3.47
    0.611584     5     0.010752       0.021184        0.010752         56.88   14.33
CPU_time(ms) Kernel GPU_time(ms) TransferIn(ms) TransferOut(ms) Speedup_noTrf Speedup
    0.479776     0     0.000000       0.000000        0.000000           inf     inf
    0.479776     1     0.014336       0.019968        0.011776         33.47   10.41
    0.479776     2     0.010240       0.020000        0.010624         46.85   11.74
    0.479776     3     3.604832       0.020288        0.010208          0.13    0.13
    0.479776     4     0.143744       0.022304        0.011328          3.34    2.70
    0.479776     5     0.011488       0.021440        0.010624         41.76   11.02
CPU_time(ms) Kernel GPU_time(ms) TransferIn(ms) TransferOut(ms) Speedup_noTrf Speedup
    0.574240     0     0.000000       0.000000        0.000000           inf     inf
    0.574240     1     0.036896       0.064672        0.029504         15.56    4.38
    0.574240     2     0.034016       0.047072        0.027200         16.88    5.30
    0.574240     3     3.618816       0.048320        0.031296          0.16    0.16
    0.574240     4     0.155264       0.049152        0.027584          3.70    2.48
    0.574240     5     0.036448       0.049536        0.028608         15.76    5.01
CPU_time(ms) Kernel GPU_time(ms) TransferIn(ms) TransferOut(ms) Speedup_noTrf Speedup
    0.533248     0     0.000000       0.000000        0.000000           inf     inf
    0.533248     1     0.013856       0.018432        0.011424         38.48   12.20
    0.533248     2     0.008480       0.019840        0.010656         62.88   13.68
    0.533248     3     3.606272       0.020192        0.010560          0.15    0.15
    0.533248     4     0.145248       0.023104        0.012000          3.67    2.96
    0.533248     5     0.010336       0.021792        0.012416         51.59   11.97
CPU_time(ms) Kernel GPU_time(ms) TransferIn(ms) TransferOut(ms) Speedup_noTrf Speedup
    0.546816     0     0.000000       0.000000        0.000000           inf     inf
    0.546816     1     0.015904       0.020608        0.012192         34.38   11.23
    0.546816     2     0.008864       0.020288        0.010208         61.69   13.89
    0.546816     3     3.606528       0.020704        0.011104          0.15    0.15
    0.546816     4     0.142368       0.020928        0.010848          3.84    3.14
    0.546816     5     0.012000       0.020768        0.010720         45.57   12.57
CPU_time(ms) Kernel GPU_time(ms) TransferIn(ms) TransferOut(ms) Speedup_noTrf Speedup
    0.481440     0     0.000000       0.000000        0.000000           inf     inf
    0.481440     1     0.014336       0.019904        0.011968         33.58   10.42
    0.481440     2     0.009696       0.019392        0.010656         49.65   12.11
    0.481440     3     3.605216       0.020736        0.010688          0.13    0.13
    0.481440     4     0.155840       0.047744        0.027296          3.09    2.09
    0.481440     5     0.035840       0.047584        0.028448         13.43    4.30
CPU_time(ms) Kernel GPU_time(ms) TransferIn(ms) TransferOut(ms) Speedup_noTrf Speedup
    1.372960     0     0.000000       0.000000        0.000000           inf     inf
    1.372960     1     0.039072       0.049152        0.032352         35.14   11.39
    1.372960     2     0.034208       0.045920        0.028416         40.14   12.65
    1.372960     3     3.622912       0.048096        0.028768          0.38    0.37
    1.372960     4     0.155648       0.046336        0.027840          8.82    5.97
    1.372960     5     0.036384       0.048000        0.028224         37.74   12.19
CPU_time(ms) Kernel GPU_time(ms) TransferIn(ms) TransferOut(ms) Speedup_noTrf Speedup
    1.320640     0     0.000000       0.000000        0.000000           inf     inf
    1.320640     1     0.039104       0.066944        0.031040         33.77    9.63
    1.320640     2     0.032768       0.048384        0.028448         40.30   12.05
    1.320640     3     3.622944       0.047776        0.029824          0.36    0.36
    1.320640     4     0.155488       0.048800        0.027808          8.49    5.69
    1.320640     5     0.034816       0.049312        0.028128         37.93   11.76
CPU_time(ms) Kernel GPU_time(ms) TransferIn(ms) TransferOut(ms) Speedup_noTrf Speedup
    0.405504     0     0.000000       0.000000        0.000000           inf     inf
    0.405504     1     0.042912       0.068320        0.034048          9.45    2.79
    0.405504     2     0.036864       0.050304        0.030240         11.00    3.45
    0.405504     3     3.620864       0.051328        0.033248          0.11    0.11
    0.405504     4     0.156000       0.051680        0.030016          2.60    1.71
    0.405504     5     0.039200       0.053600        0.029536         10.34    3.31
CPU_time(ms) Kernel GPU_time(ms) TransferIn(ms) TransferOut(ms) Speedup_noTrf Speedup
    0.545600     0     0.000000       0.000000        0.000000           inf     inf
    0.545600     1     0.014208       0.022528        0.011744         38.40   11.25
    0.545600     2     0.008288       0.019968        0.010560         65.83   14.06
    0.545600     3     3.605728       0.019904        0.010944          0.15    0.15
    0.545600     4     0.139744       0.021408        0.009152          3.90    3.20
    0.545600     5     0.010816       0.021600        0.011232         50.44   12.50
CPU_time(ms) Kernel GPU_time(ms) TransferIn(ms) TransferOut(ms) Speedup_noTrf Speedup
    0.399360     0     0.000000       0.000000        0.000000           inf     inf
    0.399360     1     0.014528       0.018560        0.012096         27.49    8.84
    0.399360     2     0.008544       0.020256        0.010624         46.74   10.13
    0.399360     3     3.631104       0.020128        0.010176          0.11    0.11
    0.399360     4     0.155648       0.047424        0.027872          2.57    1.73
    0.399360     5     0.042656       0.053824        0.028160          9.36    3.20
CPU_time(ms) Kernel GPU_time(ms) TransferIn(ms) TransferOut(ms) Speedup_noTrf Speedup
    0.659328     0     0.000000       0.000000        0.000000           inf     inf
    0.659328     1     0.014336       0.022528        0.013120         45.99   13.19
    0.659328     2     0.014336       0.020832        0.011552         45.99   14.11
    0.659328     3     3.632352       0.020640        0.012096          0.18    0.18
    0.659328     4     0.141312       0.020480        0.010656          4.67    3.82
    0.659328     5     0.014368       0.023296        0.014208         45.89   12.71
CPU_time(ms) Kernel GPU_time(ms) TransferIn(ms) TransferOut(ms) Speedup_noTrf Speedup
    0.517856     0     0.000000       0.000000        0.000000           inf     inf
    0.517856     1     0.040960       0.069312        0.033888         12.64    3.59
    0.517856     2     0.037952       0.051360        0.029952         13.65    4.34
    0.517856     3     3.649536       0.052288        0.031520          0.14    0.14
    0.517856     4     0.156544       0.052512        0.030016          3.31    2.17
    0.517856     5     0.038912       0.051904        0.029952         13.31    4.29
CPU_time(ms) Kernel GPU_time(ms) TransferIn(ms) TransferOut(ms) Speedup_noTrf Speedup
    0.387584     0     0.000000       0.000000        0.000000           inf     inf
    0.387584     1     0.014048       0.020480        0.012960         27.59    8.16
    0.387584     2     0.033632       0.046848        0.028480         11.52    3.56
    0.387584     3     3.629888       0.020832        0.011008          0.11    0.11
    0.387584     4     0.156128       0.048512        0.027680          2.48    1.67
    0.387584     5     0.039776       0.053792        0.027968          9.74    3.19
CPU_time(ms) Kernel GPU_time(ms) TransferIn(ms) TransferOut(ms) Speedup_noTrf Speedup
    0.413216     0     0.000000       0.000000        0.000000           inf     inf
    0.413216     1     0.014336       0.020192        0.010048         28.82    9.27
    0.413216     2     0.008224       0.020192        0.010304         50.25   10.67
    0.413216     3     3.631072       0.020608        0.010528          0.11    0.11
    0.413216     4     0.140160       0.021280        0.010560          2.95    2.40
    0.413216     5     0.011392       0.021184        0.012640         36.27    9.14
CPU_time(ms) Kernel GPU_time(ms) TransferIn(ms) TransferOut(ms) Speedup_noTrf Speedup
    0.472768     0     0.000000       0.000000        0.000000           inf     inf
    0.472768     1     0.012960       0.020416        0.010592         36.48   10.75
    0.472768     2     0.008320       0.020160        0.010240         56.82   12.21
    0.472768     3     3.631200       0.020480        0.011744          0.13    0.13
    0.472768     4     0.146272       0.023168        0.013216          3.23    2.59
    0.472768     5     0.035456       0.049248        0.026656         13.33    4.25
CPU_time(ms) Kernel GPU_time(ms) TransferIn(ms) TransferOut(ms) Speedup_noTrf Speedup
    0.466176     0     0.000000       0.000000        0.000000           inf     inf
    0.466176     1     0.013952       0.019328        0.009984         33.41   10.78
    0.466176     2     0.008192       0.019648        0.010336         56.91   12.21
    0.466176     3     3.631040       0.020704        0.010752          0.13    0.13
    0.466176     4     0.141312       0.021440        0.011200          3.30    2.68
    0.466176     5     0.013088       0.023648        0.013088         35.62    9.36
CPU_time(ms) Kernel GPU_time(ms) TransferIn(ms) TransferOut(ms) Speedup_noTrf Speedup
    0.510016     0     0.000000       0.000000        0.000000           inf     inf
    0.510016     1     0.036864       0.061440        0.029792         13.84    3.98
    0.510016     2     0.031520       0.048672        0.027104         16.18    4.75
    0.510016     3     3.646528       0.048480        0.029248          0.14    0.14
    0.510016     4     0.155648       0.048640        0.028192          3.28    2.19
    0.510016     5     0.040320       0.053312        0.028768         12.65    4.17
CPU_time(ms) Kernel GPU_time(ms) TransferIn(ms) TransferOut(ms) Speedup_noTrf Speedup
    0.452704     0     0.000000       0.000000        0.000000           inf     inf
    0.452704     1     0.014240       0.020480        0.012096         31.79    9.67
    0.452704     2     0.009824       0.020704        0.011072         46.08   10.88
    0.452704     3     3.632032       0.020704        0.011616          0.12    0.12
    0.452704     4     0.146880       0.023712        0.014528          3.08    2.45
    0.452704     5     0.014336       0.024640        0.013472         31.58    8.63
CPU_time(ms) Kernel GPU_time(ms) TransferIn(ms) TransferOut(ms) Speedup_noTrf Speedup
    0.595968     0     0.000000       0.000000        0.000000           inf     inf
    0.595968     1     0.014176       0.019008        0.012864         42.04   12.94
    0.595968     2     0.009056       0.020480        0.011392         65.81   14.56
    0.595968     3     3.631520       0.020928        0.010528          0.16    0.16
    0.595968     4     0.146048       0.022400        0.012032          4.08    3.30
    0.595968     5     0.010816       0.021632        0.011808         55.10   13.47
CPU_time(ms) Kernel GPU_time(ms) TransferIn(ms) TransferOut(ms) Speedup_noTrf Speedup
    0.616096     0     0.000000       0.000000        0.000000           inf     inf
    0.616096     1     0.013920       0.018720        0.012544         44.26   13.64
    0.616096     2     0.009248       0.019712        0.010400         66.62   15.65
    0.616096     3     3.631104       0.021088        0.010816          0.17    0.17
    0.616096     4     0.141312       0.020448        0.010656          4.36    3.57
    0.616096     5     0.034816       0.047872        0.028800         17.70    5.53
CPU_time(ms) Kernel GPU_time(ms) TransferIn(ms) TransferOut(ms) Speedup_noTrf Speedup
    0.489440     0     0.000000       0.000000        0.000000           inf     inf
    0.489440     1     0.042848       0.065216        0.033504         11.42    3.46
    0.489440     2     0.038912       0.051904        0.029696         12.58    4.06
    0.489440     3     3.649536       0.053664        0.032064          0.13    0.13
    0.489440     4     0.159040       0.052960        0.031104          3.08    2.01
    0.489440     5     0.045632       0.056128        0.032416         10.73    3.65
CPU_time(ms) Kernel GPU_time(ms) TransferIn(ms) TransferOut(ms) Speedup_noTrf Speedup
    0.358432     0     0.000000       0.000000        0.000000           inf     inf
    0.358432     1     0.013888       0.018464        0.011360         25.81    8.20
    0.358432     2     0.009088       0.020416        0.010592         39.44    8.94
    0.358432     3     3.631936       0.021568        0.012192          0.10    0.10
    0.358432     4     0.142848       0.021952        0.011328          2.51    2.04
    0.358432     5     0.010912       0.022272        0.012256         32.85    7.89
CPU_time(ms) Kernel GPU_time(ms) TransferIn(ms) TransferOut(ms) Speedup_noTrf Speedup
    0.393184     0     0.000000       0.000000        0.000000           inf     inf
    0.393184     1     0.014336       0.021920        0.011264         27.43    8.27
    0.393184     2     0.009952       0.020288        0.011168         39.51    9.50
    0.393184     3     3.631328       0.020736        0.010400          0.11    0.11
    0.393184     4     0.140672       0.021344        0.010848          2.80    2.27
    0.393184     5     0.011008       0.021728        0.012864         35.72    8.62
CPU_time(ms) Kernel GPU_time(ms) TransferIn(ms) TransferOut(ms) Speedup_noTrf Speedup
    0.485376     0     0.000000       0.000000        0.000000           inf     inf
    0.485376     1     0.036864       0.065440        0.030080         13.17    3.67
    0.485376     2     0.034272       0.047520        0.026560         14.16    4.48
    0.485376     3     3.646912       0.048512        0.030528          0.13    0.13
    0.485376     4     0.155648       0.046976        0.028032          3.12    2.10
    0.485376     5     0.034816       0.047296        0.028096         13.94    4.40
CPU_time(ms) Kernel GPU_time(ms) TransferIn(ms) TransferOut(ms) Speedup_noTrf Speedup
    1.171456     0     0.000000       0.000000        0.000000           inf     inf
    1.171456     1     0.045088       0.083488        0.032352         25.98    7.28
    1.171456     2     0.034816       0.047584        0.027840         33.65   10.63
    1.171456     3     3.654272       0.055808        0.031872          0.32    0.31
    1.171456     4     0.163552       0.054336        0.028896          7.16    4.75
    1.171456     5     0.042720       0.054336        0.030016         27.42    9.22
CPU_time(ms) Kernel GPU_time(ms) TransferIn(ms) TransferOut(ms) Speedup_noTrf Speedup
    0.440320     0     0.000000       0.000000        0.000000           inf     inf
    0.440320     1     0.015808       0.023680        0.012704         27.85    8.44
    0.440320     2     0.009120       0.020768        0.010528         48.28   10.89
    0.440320     3     3.637216       0.022976        0.014016          0.12    0.12
    0.440320     4     0.142496       0.022880        0.012928          3.09    2.47
    0.440320     5     0.012864       0.022944        0.012800         34.23    9.06
CPU_time(ms) Kernel GPU_time(ms) TransferIn(ms) TransferOut(ms) Speedup_noTrf Speedup
    0.518144     0     0.000000       0.000000        0.000000           inf     inf
    0.518144     1     0.038272       0.065536        0.031040         13.54    3.84
    0.518144     2     0.032768       0.046816        0.027264         15.81    4.85
    0.518144     3     3.647552       0.048288        0.030816          0.14    0.14
    0.518144     4     0.155648       0.048096        0.027328          3.33    2.24
    0.518144     5     0.034816       0.046592        0.027552         14.88    4.76
CPU_time(ms) Kernel GPU_time(ms) TransferIn(ms) TransferOut(ms) Speedup_noTrf Speedup
    0.569440     0     0.000000       0.000000        0.000000           inf     inf
    0.569440     1     0.014336       0.019584        0.010816         39.72   12.73
    0.569440     2     0.009440       0.020096        0.010368         60.32   14.27
    0.569440     3     3.631360       0.020192        0.010592          0.16    0.16
    0.569440     4     0.155968       0.047136        0.027072          3.65    2.47
    0.569440     5     0.034816       0.046720        0.026880         16.36    5.25
CPU_time(ms) Kernel GPU_time(ms) TransferIn(ms) TransferOut(ms) Speedup_noTrf Speedup
    0.337472     0     0.000000       0.000000        0.000000           inf     inf
    0.337472     1     0.043008       0.070368        0.033888          7.85    2.29
    0.337472     2     0.033120       0.047648        0.028704         10.19    3.08
    0.337472     3     3.647488       0.049856        0.045280          0.09    0.09
    0.337472     4     0.163840       0.059808        0.030912          2.06    1.33
    0.337472     5     0.046176       0.058272        0.031328          7.31    2.49
CPU_time(ms) Kernel GPU_time(ms) TransferIn(ms) TransferOut(ms) Speedup_noTrf Speedup
    0.520192     0     0.000000       0.000000        0.000000           inf     inf
    0.520192     1     0.014144       0.018464        0.012096         36.78   11.64
    0.520192     2     0.008256       0.019840        0.010464         63.01   13.49
    0.520192     3     3.652256       0.053152        0.031424          0.14    0.14
    0.520192     4     0.157024       0.048768        0.028928          3.31    2.22
    0.520192     5     0.055328       0.053952        0.031200          9.40    3.70
CPU_time(ms) Kernel GPU_time(ms) TransferIn(ms) TransferOut(ms) Speedup_noTrf Speedup
    0.557408     0     0.000000       0.000000        0.000000           inf     inf
    0.557408     1     0.014208       0.020672        0.011936         39.23   11.91
    0.557408     2     0.010080       0.020128        0.011552         55.30   13.35
    0.557408     3     3.647488       0.047104        0.029152          0.15    0.15
    0.557408     4     0.155648       0.046656        0.027648          3.58    2.42
    0.557408     5     0.044960       0.051232        0.030912         12.40    4.39
CPU_time(ms) Kernel GPU_time(ms) TransferIn(ms) TransferOut(ms) Speedup_noTrf Speedup
    0.458016     0     0.000000       0.000000        0.000000           inf     inf
    0.458016     1     0.036864       0.061824        0.031040         12.42    3.53
    0.458016     2     0.032768       0.047328        0.028416         13.98    4.22
    0.458016     3     3.647264       0.049184        0.030496          0.13    0.12
    0.458016     4     0.157696       0.050336        0.027424          2.90    1.95
    0.458016     5     0.033088       0.047648        0.027360         13.84    4.24
CPU_time(ms) Kernel GPU_time(ms) TransferIn(ms) TransferOut(ms) Speedup_noTrf Speedup
    0.438272     0     0.000000       0.000000        0.000000           inf     inf
    0.438272     1     0.013120       0.022240        0.011904         33.40    9.27
    0.438272     2     0.009312       0.019776        0.010496         47.07   11.07
    0.438272     3     3.647488       0.048448        0.030560          0.12    0.12
    0.438272     4     0.156992       0.048896        0.027968          2.79    1.87
    0.438272     5     0.041856       0.056064        0.030112         10.47    3.42
CPU_time(ms) Kernel GPU_time(ms) TransferIn(ms) TransferOut(ms) Speedup_noTrf Speedup
    0.536576     0     0.000000       0.000000        0.000000           inf     inf
    0.536576     1     0.014336       0.022112        0.011936         37.43   11.09
    0.536576     2     0.008416       0.019776        0.010048         63.76   14.03
    0.536576     3     3.631104       0.020128        0.009792          0.15    0.15
    0.536576     4     0.147168       0.023392        0.011712          3.65    2.94
    0.536576     5     0.012256       0.021856        0.012832         43.78   11.43
CPU_time(ms) Kernel GPU_time(ms) TransferIn(ms) TransferOut(ms) Speedup_noTrf Speedup
    0.472512     0     0.000000       0.000000        0.000000           inf     inf
    0.472512     1     0.013760       0.020768        0.011168         34.34   10.34
    0.472512     2     0.018208       0.048864        0.010496         25.95    6.09
    0.472512     3     3.646464       0.048672        0.028864          0.13    0.13
    0.472512     4     0.155776       0.048704        0.027648          3.03    2.04
    0.472512     5     0.044192       0.052768        0.028992         10.69    3.75
CPU_time(ms) Kernel GPU_time(ms) TransferIn(ms) TransferOut(ms) Speedup_noTrf Speedup
    0.436928     0     0.000000       0.000000        0.000000           inf     inf
    0.436928     1     0.014336       0.019648        0.012000         30.48    9.50
    0.436928     2     0.008544       0.020064        0.009984         51.14   11.32
    0.436928     3     3.632672       0.019904        0.010720          0.12    0.12
    0.436928     4     0.156192       0.048352        0.028160          2.80    1.88
    0.436928     5     0.034688       0.048320        0.028128         12.60    3.93
CPU_time(ms) Kernel GPU_time(ms) TransferIn(ms) TransferOut(ms) Speedup_noTrf Speedup
    0.514144     0     0.000000       0.000000        0.000000           inf     inf
    0.514144     1     0.014336       0.021696        0.011008         35.86   10.93
    0.514144     2     0.034816       0.048288        0.052864         14.77    3.78
    0.514144     3     3.648064       0.049216        0.030016          0.14    0.14
    0.514144     4     0.156672       0.049088        0.027776          3.28    2.20
    0.514144     5     0.034816       0.049248        0.029312         14.77    4.53
CPU_time(ms) Kernel GPU_time(ms) TransferIn(ms) TransferOut(ms) Speedup_noTrf Speedup
    0.526144     0     0.000000       0.000000        0.000000           inf     inf
    0.526144     1     0.037248       0.061440        0.029696         14.13    4.10
    0.526144     2     0.033792       0.048192        0.028096         15.57    4.78
    0.526144     3     3.647488       0.047808        0.029184          0.14    0.14
    0.526144     4     0.162112       0.054048        0.028864          3.25    2.15
    0.526144     5     0.034656       0.046208        0.028448         15.18    4.81
CPU_time(ms) Kernel GPU_time(ms) TransferIn(ms) TransferOut(ms) Speedup_noTrf Speedup
    0.354304     0     0.000000       0.000000        0.000000           inf     inf
    0.354304     1     0.014752       0.025120        0.012800         24.02    6.73
    0.354304     2     0.012288       0.020896        0.010464         28.83    8.12
    0.354304     3     3.648864       0.048512        0.029824          0.10    0.10
    0.354304     4     0.156320       0.047424        0.027392          2.27    1.53
    0.354304     5     0.035200       0.047552        0.027136         10.07    3.22
CPU_time(ms) Kernel GPU_time(ms) TransferIn(ms) TransferOut(ms) Speedup_noTrf Speedup
    0.465312     0     0.000000       0.000000        0.000000           inf     inf
    0.465312     1     0.013152       0.022240        0.010624         35.38   10.11
    0.465312     2     0.009056       0.020672        0.011456         51.38   11.30
    0.465312     3     3.631488       0.020608        0.010592          0.13    0.13
    0.465312     4     0.141312       0.020544        0.011008          3.29    2.69
    0.465312     5     0.010368       0.022368        0.012128         44.88   10.37
CPU_time(ms) Kernel GPU_time(ms) TransferIn(ms) TransferOut(ms) Speedup_noTrf Speedup
    0.564000     0     0.000000       0.000000        0.000000           inf     inf
    0.564000     1     0.014336       0.022528        0.011264         39.34   11.72
    0.564000     2     0.009792       0.020480        0.011328         57.60   13.56
    0.564000     3     3.632480       0.021728        0.012320          0.16    0.15
    0.564000     4     0.157696       0.050336        0.027360          3.58    2.40
    0.564000     5     0.043008       0.054400        0.028192         13.11    4.49
CPU_time(ms) Kernel GPU_time(ms) TransferIn(ms) TransferOut(ms) Speedup_noTrf Speedup
    0.570016     0     0.000000       0.000000        0.000000           inf     inf
    0.570016     1     0.014336       0.019776        0.011616         39.76   12.47
    0.570016     2     0.009152       0.020608        0.010688         62.28   14.09
    0.570016     3     3.633088       0.020736        0.012128          0.16    0.16
    0.570016     4     0.141376       0.022656        0.013216          4.03    3.22
    0.570016     5     0.012736       0.022624        0.011936         44.76   12.05
CPU_time(ms) Kernel GPU_time(ms) TransferIn(ms) TransferOut(ms) Speedup_noTrf Speedup
    0.593984     0     0.000000       0.000000        0.000000           inf     inf
    0.593984     1     0.036992       0.063488        0.030784         16.06    4.53
    0.593984     2     0.032608       0.048256        0.027872         18.22    5.46
    0.593984     3     3.646656       0.048672        0.055136          0.16    0.16
    0.593984     4     0.161152       0.055360        0.029504          3.69    2.41
    0.593984     5     0.034528       0.047200        0.028512         17.20    5.39
CPU_time(ms) Kernel GPU_time(ms) TransferIn(ms) TransferOut(ms) Speedup_noTrf Speedup
    0.393216     0     0.000000       0.000000        0.000000           inf     inf
    0.393216     1     0.014336       0.019680        0.010144         27.43    8.90
    0.393216     2     0.009952       0.019968        0.010848         39.51    9.65
    0.393216     3     3.631584       0.020512        0.010528          0.11    0.11
    0.393216     4     0.157504       0.047392        0.026912          2.50    1.70
    0.393216     5     0.041184       0.052256        0.028704          9.55    3.22
CPU_time(ms) Kernel GPU_time(ms) TransferIn(ms) TransferOut(ms) Speedup_noTrf Speedup
    0.457568     0     0.000000       0.000000        0.000000           inf     inf
    0.457568     1     0.014176       0.018816        0.011168         32.28   10.36
    0.457568     2     0.010240       0.020000        0.010400         44.68   11.26
    0.457568     3     3.632896       0.020192        0.010720          0.13    0.12
    0.457568     4     0.141312       0.021888        0.011360          3.24    2.62
    0.457568     5     0.010336       0.023008        0.012864         44.27    9.90
CPU_time(ms) Kernel GPU_time(ms) TransferIn(ms) TransferOut(ms) Speedup_noTrf Speedup
    0.493568     0     0.000000       0.000000        0.000000           inf     inf
    0.493568     1     0.035648       0.050272        0.030784         13.85    4.23
    0.493568     2     0.032544       0.046880        0.028064         15.17    4.59
    0.493568     3     3.647488       0.048896        0.031040          0.14    0.13
    0.493568     4     0.155712       0.047776        0.027616          3.17    2.14
    0.493568     5     0.034816       0.047296        0.027776         14.18    4.49
CPU_time(ms) Kernel GPU_time(ms) TransferIn(ms) TransferOut(ms) Speedup_noTrf Speedup
    0.551872     0     0.000000       0.000000        0.000000           inf     inf
    0.551872     1     0.012928       0.019200        0.012896         42.69   12.26
    0.551872     2     0.032768       0.046624        0.027424         16.84    5.17
    0.551872     3     3.647488       0.047968        0.028224          0.15    0.15
    0.551872     4     0.156192       0.047648        0.028000          3.53    2.38
    0.551872     5     0.041600       0.051968        0.029984         13.27    4.47
CPU_time(ms) Kernel GPU_time(ms) TransferIn(ms) TransferOut(ms) Speedup_noTrf Speedup
    1.401920     0     0.000000       0.000000        0.000000           inf     inf
    1.401920     1     0.063488       0.048896        0.031840         22.08    9.72
    1.401920     2     0.033440       0.047616        0.027456         41.92   12.92
    1.401920     3     3.647552       0.048448        0.028512          0.38    0.38
    1.401920     4     0.163840       0.055712        0.029216          8.56    5.64
    1.401920     5     0.044992       0.054656        0.027680         31.16   11.01
CPU_time(ms) Kernel GPU_time(ms) TransferIn(ms) TransferOut(ms) Speedup_noTrf Speedup
    0.445696     0     0.000000       0.000000        0.000000           inf     inf
    0.445696     1     0.013952       0.019008        0.011456         31.94   10.03
    0.445696     2     0.010336       0.020384        0.010784         43.12   10.74
    0.445696     3     3.632704       0.020736        0.010624          0.12    0.12
    0.445696     4     0.163232       0.055072        0.029856          2.73    1.80
    0.445696     5     0.044704       0.055584        0.029792          9.97    3.43
CPU_time(ms) Kernel GPU_time(ms) TransferIn(ms) TransferOut(ms) Speedup_noTrf Speedup
    1.136896     0     0.000000       0.000000        0.000000           inf     inf
    1.136896     1     0.038368       0.062624        0.030432         29.63    8.65
    1.136896     2     0.033920       0.047296        0.026880         33.52   10.52
    1.136896     3     3.648096       0.048960        0.028672          0.31    0.31
    1.136896     4     0.156064       0.047776        0.027072          7.28    4.92
    1.136896     5     0.034816       0.047712        0.026432         32.65   10.43
CPU_time(ms) Kernel GPU_time(ms) TransferIn(ms) TransferOut(ms) Speedup_noTrf Speedup
    0.418784     0     0.000000       0.000000        0.000000           inf     inf
    0.418784     1     0.014336       0.019616        0.011168         29.21    9.28
    0.418784     2     0.009920       0.020256        0.011456         42.22   10.06
    0.418784     3     3.633152       0.020096        0.010784          0.12    0.11
    0.418784     4     0.140160       0.021632        0.009984          2.99    2.44
    0.418784     5     0.011072       0.021440        0.012544         37.82    9.29
CPU_time(ms) Kernel GPU_time(ms) TransferIn(ms) TransferOut(ms) Speedup_noTrf Speedup
    0.414912     0     0.000000       0.000000        0.000000           inf     inf
    0.414912     1     0.014336       0.019520        0.012896         28.94    8.87
    0.414912     2     0.014336       0.021056        0.012448         28.94    8.67
    0.414912     3     3.633792       0.021632        0.010880          0.11    0.11
    0.414912     4     0.145568       0.023264        0.011808          2.85    2.30
    0.414912     5     0.010464       0.021344        0.011744         39.65    9.53
CPU_time(ms) Kernel GPU_time(ms) TransferIn(ms) TransferOut(ms) Speedup_noTrf Speedup
    0.491520     0     0.000000       0.000000        0.000000           inf     inf
    0.491520     1     0.015808       0.021024        0.019008         31.09    8.80
    0.491520     2     0.014336       0.021024        0.010400         34.29   10.74
    0.491520     3     3.631104       0.019584        0.010752          0.14    0.13
    0.491520     4     0.141376       0.021312        0.010912          3.48    2.83
    0.491520     5     0.015776       0.025056        0.013344         31.16    9.07
CPU_time(ms) Kernel GPU_time(ms) TransferIn(ms) TransferOut(ms) Speedup_noTrf Speedup
    0.547680     0     0.000000       0.000000        0.000000           inf     inf
    0.547680     1     0.013184       0.020064        0.011296         41.54   12.30
    0.547680     2     0.008832       0.020736        0.010304         62.01   13.74
    0.547680     3     3.632512       0.019744        0.011616          0.15    0.15
    0.547680     4     0.147456       0.023424        0.013280          3.71    2.97
    0.547680     5     0.016384       0.024960        0.014048         33.43    9.89
CPU_time(ms) Kernel GPU_time(ms) TransferIn(ms) TransferOut(ms) Speedup_noTrf Speedup
    0.472480     0     0.000000       0.000000        0.000000           inf     inf
    0.472480     1     0.013216       0.020288        0.011456         35.75   10.51
    0.472480     2     0.033184       0.048032        0.029664         14.24    4.26
    0.472480     3     3.646400       0.049888        0.029184          0.13    0.13
    0.472480     4     0.155776       0.049824        0.029024          3.03    2.01
    0.472480     5     0.033088       0.048896        0.028384         14.28    4.28
CPU_time(ms) Kernel GPU_time(ms) TransferIn(ms) TransferOut(ms) Speedup_noTrf Speedup
    0.997376     0     0.000000       0.000000        0.000000           inf     inf
    0.997376     1     0.037248       0.050880        0.029984         26.78    8.44
    0.997376     2     0.033728       0.047648        0.029312         29.57    9.01
    0.997376     3     3.648864       0.049184        0.030656          0.27    0.27
    0.997376     4     0.161792       0.054528        0.029024          6.16    4.07
    0.997376     5     0.036480       0.049568        0.028896         27.34    8.68
CPU_time(ms) Kernel GPU_time(ms) TransferIn(ms) TransferOut(ms) Speedup_noTrf Speedup
    0.757760     0     0.000000       0.000000        0.000000           inf     inf
    0.757760     1     0.026624       0.049152        0.022944         28.46    7.68
    0.757760     2     0.032928       0.047264        0.027008         23.01    7.07
    0.757760     3     3.646336       0.049792        0.029984          0.21    0.20
    0.757760     4     0.156096       0.048288        0.027168          4.85    3.27
    0.757760     5     0.032768       0.048192        0.026400         23.12    7.06
CPU_time(ms) Kernel GPU_time(ms) TransferIn(ms) TransferOut(ms) Speedup_noTrf Speedup
    0.601472     0     0.000000       0.000000        0.000000           inf     inf
    0.601472     1     0.013280       0.020064        0.011904         45.29   13.29
    0.601472     2     0.009536       0.020096        0.010752         63.07   14.89
    0.601472     3     3.631776       0.020896        0.011456          0.17    0.16
    0.601472     4     0.145408       0.022944        0.011840          4.14    3.34
    0.601472     5     0.010240       0.022912        0.012000         58.74   13.32
