CPU_time(ms) Kernel GPU_time(ms) TransferIn(ms) TransferOut(ms) Speedup_noTrf Speedup
    0.122880     0     0.000000       0.000000        0.000000           inf     inf
    0.122880     1     0.040800       0.063104        0.029920          3.01    0.92
    0.122880     2     0.042624       0.048384        0.028192          2.88    1.03
    0.122880     3     0.032832       0.043968        0.024800          3.74    1.21
    0.122880     4     0.035008       0.042016        0.023872          3.51    1.22
    0.122880     5     0.034080       0.043488        0.024768          3.61    1.20
CPU_time(ms) Kernel GPU_time(ms) TransferIn(ms) TransferOut(ms) Speedup_noTrf Speedup
    0.122976     0     0.000000       0.000000        0.000000           inf     inf
    0.122976     1     0.013568       0.016416        0.009984          9.06    3.08
    0.122976     2     0.007776       0.017184        0.009344         15.81    3.58
    0.122976     3     0.012288       0.018016        0.009184         10.01    3.11
    0.122976     4     0.009440       0.018080        0.009440         13.03    3.33
    0.122976     5     0.008672       0.019072        0.009248         14.18    3.32
CPU_time(ms) Kernel GPU_time(ms) TransferIn(ms) TransferOut(ms) Speedup_noTrf Speedup
    0.331616     0     0.000000       0.000000        0.000000           inf     inf
    0.331616     1     0.038912       0.059392        0.027520          8.52    2.64
    0.331616     2     0.034496       0.042688        0.023360          9.61    3.30
    0.331616     3     0.032832       0.041568        0.023424         10.10    3.39
    0.331616     4     0.032864       0.042080        0.023488         10.09    3.37
    0.331616     5     0.034592       0.042240        0.023552          9.59    3.30
CPU_time(ms) Kernel GPU_time(ms) TransferIn(ms) TransferOut(ms) Speedup_noTrf Speedup
    0.120736     0     0.000000       0.000000        0.000000           inf     inf
    0.120736     1     0.012640       0.016416        0.009344          9.55    3.14
    0.120736     2     0.007776       0.018368        0.009152         15.53    3.42
    0.120736     3     0.011328       0.018752        0.008864         10.66    3.10
    0.120736     4     0.007744       0.017312        0.009216         15.59    3.52
    0.120736     5     0.006240       0.017728        0.008800         19.35    3.68
CPU_time(ms) Kernel GPU_time(ms) TransferIn(ms) TransferOut(ms) Speedup_noTrf Speedup
    0.119936     0     0.000000       0.000000        0.000000           inf     inf
    0.119936     1     0.012992       0.016384        0.009920          9.23    3.05
    0.119936     2     0.008192       0.016576        0.009952         14.64    3.45
    0.119936     3     0.012288       0.018016        0.008992          9.76    3.05
    0.119936     4     0.008704       0.018368        0.009088         13.78    3.32
    0.119936     5     0.008192       0.017824        0.008960         14.64    3.43
CPU_time(ms) Kernel GPU_time(ms) TransferIn(ms) TransferOut(ms) Speedup_noTrf Speedup
    0.357760     0     0.000000       0.000000        0.000000           inf     inf
    0.357760     1     0.039968       0.059392        0.027232          8.95    2.83
    0.357760     2     0.032704       0.041376        0.024672         10.94    3.62
    0.357760     3     0.034432       0.043392        0.023616         10.39    3.53
    0.357760     4     0.034816       0.041216        0.023072         10.28    3.61
    0.357760     5     0.033120       0.041760        0.023552         10.80    3.63
CPU_time(ms) Kernel GPU_time(ms) TransferIn(ms) TransferOut(ms) Speedup_noTrf Speedup
    0.129024     0     0.000000       0.000000        0.000000           inf     inf
    0.129024     1     0.014336       0.019904        0.011904          9.00    2.80
    0.129024     2     0.032768       0.041152        0.023200          3.94    1.33
    0.129024     3     0.032160       0.041376        0.024672          4.01    1.31
    0.129024     4     0.032768       0.040704        0.023328          3.94    1.33
    0.129024     5     0.030944       0.042272        0.023648          4.17    1.33
CPU_time(ms) Kernel GPU_time(ms) TransferIn(ms) TransferOut(ms) Speedup_noTrf Speedup
    0.122208     0     0.000000       0.000000        0.000000           inf     inf
    0.122208     1     0.014208       0.020736        0.011104          8.60    2.65
    0.122208     2     0.008192       0.017344        0.009248         14.92    3.51
    0.122208     3     0.012288       0.018368        0.009152          9.95    3.07
    0.122208     4     0.008544       0.019424        0.009248         14.30    3.28
    0.122208     5     0.035328       0.042208        0.024416          3.46    1.20
CPU_time(ms) Kernel GPU_time(ms) TransferIn(ms) TransferOut(ms) Speedup_noTrf Speedup
    0.347872     0     0.000000       0.000000        0.000000           inf     inf
    0.347872     1     0.038368       0.042752        0.027232          9.07    3.21
    0.347872     2     0.034432       0.041920        0.023616         10.10    3.48
    0.347872     3     0.030784       0.042912        0.023296         11.30    3.59
    0.347872     4     0.032768       0.041216        0.023648         10.62    3.56
    0.347872     5     0.031520       0.042144        0.023488         11.04    3.58
CPU_time(ms) Kernel GPU_time(ms) TransferIn(ms) TransferOut(ms) Speedup_noTrf Speedup
    0.128256     0     0.000000       0.000000        0.000000           inf     inf
    0.128256     1     0.014336       0.016352        0.010080          8.95    3.15
    0.128256     2     0.008288       0.017696        0.009760         15.47    3.59
    0.128256     3     0.011680       0.017248        0.009568         10.98    3.33
    0.128256     4     0.008512       0.017920        0.009248         15.07    3.59
    0.128256     5     0.010016       0.019200        0.009472         12.81    3.32
CPU_time(ms) Kernel GPU_time(ms) TransferIn(ms) TransferOut(ms) Speedup_noTrf Speedup
    0.135520     0     0.000000       0.000000        0.000000           inf     inf
    0.135520     1     0.014336       0.016448        0.010752          9.45    3.26
    0.135520     2     0.008352       0.018976        0.009376         16.23    3.69
    0.135520     3     0.017728       0.021696        0.013184          7.64    2.58
    0.135520     4     0.011136       0.019936        0.010528         12.17    3.26
    0.135520     5     0.016928       0.024128        0.013440          8.01    2.49
CPU_time(ms) Kernel GPU_time(ms) TransferIn(ms) TransferOut(ms) Speedup_noTrf Speedup
    0.121408     0     0.000000       0.000000        0.000000           inf     inf
    0.121408     1     0.013568       0.014560        0.010560          8.95    3.14
    0.121408     2     0.032768       0.042176        0.024608          3.71    1.22
    0.121408     3     0.032544       0.042688        0.023488          3.73    1.23
    0.121408     4     0.034496       0.042208        0.024704          3.52    1.20
    0.121408     5     0.034816       0.042880        0.024768          3.49    1.18
CPU_time(ms) Kernel GPU_time(ms) TransferIn(ms) TransferOut(ms) Speedup_noTrf Speedup
    0.119072     0     0.000000       0.000000        0.000000           inf     inf
    0.119072     1     0.038656       0.043008        0.025888          3.08    1.11
    0.119072     2     0.032672       0.042112        0.024352          3.64    1.20
    0.119072     3     0.032768       0.043072        0.024480          3.63    1.19
    0.119072     4     0.032768       0.041536        0.024224          3.63    1.21
    0.119072     5     0.032768       0.041536        0.023808          3.63    1.21
CPU_time(ms) Kernel GPU_time(ms) TransferIn(ms) TransferOut(ms) Speedup_noTrf Speedup
    0.135168     0     0.000000       0.000000        0.000000           inf     inf
    0.135168     1     0.014112       0.018144        0.011808          9.58    3.07
    0.135168     2     0.032352       0.040608        0.023136          4.18    1.41
    0.135168     3     0.031072       0.043232        0.024960          4.35    1.36
    0.135168     4     0.032576       0.041472        0.023392          4.15    1.39
    0.135168     5     0.032064       0.041824        0.023968          4.22    1.38
CPU_time(ms) Kernel GPU_time(ms) TransferIn(ms) TransferOut(ms) Speedup_noTrf Speedup
    0.122880     0     0.000000       0.000000        0.000000           inf     inf
    0.122880     1     0.036864       0.043008        0.027584          3.33    1.14
    0.122880     2     0.031424       0.042720        0.023808          3.91    1.25
    0.122880     3     0.031744       0.043552        0.024032          3.87    1.24
    0.122880     4     0.031744       0.041568        0.024224          3.87    1.26
    0.122880     5     0.032544       0.043648        0.024672          3.78    1.22
CPU_time(ms) Kernel GPU_time(ms) TransferIn(ms) TransferOut(ms) Speedup_noTrf Speedup
    0.121504     0     0.000000       0.000000        0.000000           inf     inf
    0.121504     1     0.014336       0.016480        0.008992          8.48    3.05
    0.121504     2     0.008352       0.017824        0.009632         14.55    3.39
    0.121504     3     0.032768       0.042592        0.024160          3.71    1.22
    0.121504     4     0.034816       0.040992        0.023680          3.49    1.22
    0.121504     5     0.033824       0.041824        0.023360          3.59    1.23
CPU_time(ms) Kernel GPU_time(ms) TransferIn(ms) TransferOut(ms) Speedup_noTrf Speedup
    0.121248     0     0.000000       0.000000        0.000000           inf     inf
    0.121248     1     0.036864       0.053248        0.026432          3.29    1.04
    0.121248     2     0.032768       0.040608        0.024736          3.70    1.24
    0.121248     3     0.031104       0.041856        0.025184          3.90    1.24
    0.121248     4     0.031584       0.040416        0.024608          3.84    1.26
    0.121248     5     0.032224       0.040576        0.024608          3.76    1.24
CPU_time(ms) Kernel GPU_time(ms) TransferIn(ms) TransferOut(ms) Speedup_noTrf Speedup
    0.123008     0     0.000000       0.000000        0.000000           inf     inf
    0.123008     1     0.012864       0.016864        0.010720          9.56    3.04
    0.123008     2     0.009472       0.016896        0.009984         12.99    3.38
    0.123008     3     0.012288       0.017472        0.009248         10.01    3.15
    0.123008     4     0.009056       0.018176        0.008800         13.58    3.41
    0.123008     5     0.010240       0.019392        0.011072         12.01    3.02
CPU_time(ms) Kernel GPU_time(ms) TransferIn(ms) TransferOut(ms) Speedup_noTrf Speedup
    0.127872     0     0.000000       0.000000        0.000000           inf     inf
    0.127872     1     0.012384       0.018432        0.009920         10.33    3.14
    0.127872     2     0.008032       0.016768        0.010240         15.92    3.65
    0.127872     3     0.012224       0.019104        0.009376         10.46    3.14
    0.127872     4     0.009568       0.018304        0.009920         13.36    3.38
    0.127872     5     0.008480       0.019552        0.009120         15.08    3.44
CPU_time(ms) Kernel GPU_time(ms) TransferIn(ms) TransferOut(ms) Speedup_noTrf Speedup
    0.120672     0     0.000000       0.000000        0.000000           inf     inf
    0.120672     1     0.013984       0.016576        0.009888          8.63    2.98
    0.120672     2     0.008288       0.017472        0.010368         14.56    3.34
    0.120672     3     0.012288       0.017792        0.009120          9.82    3.08
    0.120672     4     0.008640       0.018208        0.009152         13.97    3.35
    0.120672     5     0.010144       0.019104        0.009248         11.90    3.13
CPU_time(ms) Kernel GPU_time(ms) TransferIn(ms) TransferOut(ms) Speedup_noTrf Speedup
    0.118624     0     0.000000       0.000000        0.000000           inf     inf
    0.118624     1     0.038912       0.041568        0.028064          3.05    1.09
    0.118624     2     0.032768       0.040704        0.023136          3.62    1.23
    0.118624     3     0.038912       0.047840        0.026272          3.05    1.05
    0.118624     4     0.042048       0.045760        0.026304          2.82    1.04
    0.118624     5     0.039488       0.047200        0.027008          3.00    1.04
CPU_time(ms) Kernel GPU_time(ms) TransferIn(ms) TransferOut(ms) Speedup_noTrf Speedup
    0.120832     0     0.000000       0.000000        0.000000           inf     inf
    0.120832     1     0.013920       0.020480        0.009184          8.68    2.77
    0.120832     2     0.008192       0.017824        0.009408         14.75    3.41
    0.120832     3     0.012352       0.017984        0.009344          9.78    3.05
    0.120832     4     0.008768       0.018240        0.008928         13.78    3.36
    0.120832     5     0.009760       0.019168        0.010240         12.38    3.08
CPU_time(ms) Kernel GPU_time(ms) TransferIn(ms) TransferOut(ms) Speedup_noTrf Speedup
    0.120832     0     0.000000       0.000000        0.000000           inf     inf
    0.120832     1     0.037152       0.060480        0.026656          3.25    0.97
    0.120832     2     0.037856       0.046400        0.024864          3.19    1.11
    0.120832     3     0.039936       0.046848        0.026816          3.03    1.06
    0.120832     4     0.033408       0.041792        0.024640          3.62    1.21
    0.120832     5     0.033344       0.041504        0.023840          3.62    1.22
CPU_time(ms) Kernel GPU_time(ms) TransferIn(ms) TransferOut(ms) Speedup_noTrf Speedup
    0.181888     0     0.000000       0.000000        0.000000           inf     inf
    0.181888     1     0.014176       0.018752        0.010784         12.83    4.16
    0.181888     2     0.008192       0.017152        0.009312         22.20    5.25
    0.181888     3     0.012000       0.018144        0.009920         15.16    4.54
    0.181888     4     0.008576       0.018112        0.009792         21.21    4.99
    0.181888     5     0.008288       0.019328        0.009120         21.95    4.95
CPU_time(ms) Kernel GPU_time(ms) TransferIn(ms) TransferOut(ms) Speedup_noTrf Speedup
    0.128160     0     0.000000       0.000000        0.000000           inf     inf
    0.128160     1     0.013440       0.016512        0.011136          9.54    3.12
    0.128160     2     0.032768       0.041152        0.024384          3.91    1.30
    0.128160     3     0.031040       0.042400        0.023648          4.13    1.32
    0.128160     4     0.033280       0.042176        0.039360          3.85    1.12
    0.128160     5     0.040960       0.046656        0.026208          3.13    1.13
CPU_time(ms) Kernel GPU_time(ms) TransferIn(ms) TransferOut(ms) Speedup_noTrf Speedup
    0.355616     0     0.000000       0.000000        0.000000           inf     inf
    0.355616     1     0.037600       0.043104        0.026496          9.46    3.32
    0.355616     2     0.032160       0.041760        0.023808         11.06    3.64
    0.355616     3     0.033568       0.043840        0.024640         10.59    3.48
    0.355616     4     0.008192       0.017824        0.008832         43.41   10.20
    0.355616     5     0.007712       0.018432        0.009344         46.11   10.02
CPU_time(ms) Kernel GPU_time(ms) TransferIn(ms) TransferOut(ms) Speedup_noTrf Speedup
    0.343648     0     0.000000       0.000000        0.000000           inf     inf
    0.343648     1     0.036864       0.040960        0.026144          9.32    3.31
    0.343648     2     0.031008       0.041184        0.023456         11.08    3.59
    0.343648     3     0.032768       0.042272        0.023232         10.49    3.50
    0.343648     4     0.032768       0.041600        0.023232         10.49    3.52
    0.343648     5     0.038912       0.047424        0.025120          8.83    3.08
CPU_time(ms) Kernel GPU_time(ms) TransferIn(ms) TransferOut(ms) Speedup_noTrf Speedup
    0.369920     0     0.000000       0.000000        0.000000           inf     inf
    0.369920     1     0.037088       0.063488        0.026336          9.97    2.91
    0.369920     2     0.033408       0.041856        0.025600         11.07    3.67
    0.369920     3     0.032736       0.041984        0.023072         11.30    3.78
    0.369920     4     0.032480       0.041472        0.023584         11.39    3.79
    0.369920     5     0.032768       0.042400        0.023712         11.29    3.74
CPU_time(ms) Kernel GPU_time(ms) TransferIn(ms) TransferOut(ms) Speedup_noTrf Speedup
    0.126560     0     0.000000       0.000000        0.000000           inf     inf
    0.126560     1     0.036864       0.059328        0.027072          3.43    1.03
    0.126560     2     0.034560       0.041440        0.023648          3.66    1.27
    0.126560     3     0.032320       0.043872        0.024896          3.92    1.25
    0.126560     4     0.032768       0.041568        0.024032          3.86    1.29
    0.126560     5     0.032704       0.041472        0.023904          3.87    1.29
CPU_time(ms) Kernel GPU_time(ms) TransferIn(ms) TransferOut(ms) Speedup_noTrf Speedup
    0.120128     0     0.000000       0.000000        0.000000           inf     inf
    0.120128     1     0.040768       0.043008        0.027616          2.95    1.08
    0.120128     2     0.032352       0.043072        0.024864          3.71    1.20
    0.120128     3     0.032768       0.042592        0.024384          3.67    1.20
    0.120128     4     0.034464       0.041376        0.024960          3.49    1.19
    0.120128     5     0.032896       0.042656        0.023296          3.65    1.22
CPU_time(ms) Kernel GPU_time(ms) TransferIn(ms) TransferOut(ms) Speedup_noTrf Speedup
    0.124928     0     0.000000       0.000000        0.000000           inf     inf
    0.124928     1     0.012864       0.018432        0.009440          9.71    3.07
    0.124928     2     0.007808       0.020416        0.009088         16.00    3.35
    0.124928     3     0.010912       0.020064        0.008928         11.45    3.13
    0.124928     4     0.008704       0.018976        0.009184         14.35    3.39
    0.124928     5     0.033888       0.040832        0.023744          3.69    1.27
CPU_time(ms) Kernel GPU_time(ms) TransferIn(ms) TransferOut(ms) Speedup_noTrf Speedup
    0.126464     0     0.000000       0.000000        0.000000           inf     inf
    0.126464     1     0.013824       0.018432        0.009952          9.15    3.00
    0.126464     2     0.008544       0.017856        0.009088         14.80    3.56
    0.126464     3     0.012832       0.019680        0.009920          9.86    2.98
    0.126464     4     0.009216       0.018272        0.009312         13.72    3.44
    0.126464     5     0.009920       0.020128        0.009216         12.75    3.22
CPU_time(ms) Kernel GPU_time(ms) TransferIn(ms) TransferOut(ms) Speedup_noTrf Speedup
    0.123328     0     0.000000       0.000000        0.000000           inf     inf
    0.123328     1     0.014336       0.017504        0.010112          8.60    2.94
    0.123328     2     0.008288       0.018208        0.009376         14.88    3.44
    0.123328     3     0.012288       0.019264        0.009440         10.04    3.01
    0.123328     4     0.010016       0.019648        0.010784         12.31    3.05
    0.123328     5     0.010336       0.020352        0.011008         11.93    2.96
CPU_time(ms) Kernel GPU_time(ms) TransferIn(ms) TransferOut(ms) Speedup_noTrf Speedup
    0.119168     0     0.000000       0.000000        0.000000           inf     inf
    0.119168     1     0.012672       0.016416        0.008672          9.40    3.16
    0.119168     2     0.007936       0.017280        0.009536         15.02    3.43
    0.119168     3     0.011808       0.017600        0.009600         10.09    3.05
    0.119168     4     0.009792       0.018496        0.009760         12.17    3.13
    0.119168     5     0.009760       0.017376        0.010048         12.21    3.20
CPU_time(ms) Kernel GPU_time(ms) TransferIn(ms) TransferOut(ms) Speedup_noTrf Speedup
    0.126400     0     0.000000       0.000000        0.000000           inf     inf
    0.126400     1     0.013920       0.016864        0.011584          9.08    2.98
    0.126400     2     0.031872       0.041216        0.023488          3.97    1.31
    0.126400     3     0.031072       0.042176        0.023808          4.07    1.30
    0.126400     4     0.032864       0.041984        0.023680          3.85    1.28
    0.126400     5     0.032768       0.040448        0.024288          3.86    1.30
CPU_time(ms) Kernel GPU_time(ms) TransferIn(ms) TransferOut(ms) Speedup_noTrf Speedup
    0.120224     0     0.000000       0.000000        0.000000           inf     inf
    0.120224     1     0.012576       0.016384        0.010304          9.56    3.06
    0.120224     2     0.008320       0.018912        0.009472         14.45    3.28
    0.120224     3     0.011904       0.018304        0.010016         10.10    2.99
    0.120224     4     0.009696       0.017472        0.009472         12.40    3.28
    0.120224     5     0.008192       0.018464        0.009248         14.68    3.35
CPU_time(ms) Kernel GPU_time(ms) TransferIn(ms) TransferOut(ms) Speedup_noTrf Speedup
    0.124256     0     0.000000       0.000000        0.000000           inf     inf
    0.124256     1     0.012992       0.019360        0.009376          9.56    2.98
    0.124256     2     0.007808       0.017600        0.009088         15.91    3.60
    0.124256     3     0.010816       0.018144        0.008768         11.49    3.29
    0.124256     4     0.008640       0.018592        0.009120         14.38    3.42
    0.124256     5     0.009664       0.018144        0.009792         12.86    3.30
CPU_time(ms) Kernel GPU_time(ms) TransferIn(ms) TransferOut(ms) Speedup_noTrf Speedup
    0.122720     0     0.000000       0.000000        0.000000           inf     inf
    0.122720     1     0.014336       0.016768        0.009088          8.56    3.05
    0.122720     2     0.008192       0.017696        0.010176         14.98    3.40
    0.122720     3     0.012416       0.018016        0.009152          9.88    3.10
    0.122720     4     0.008192       0.017824        0.009120         14.98    3.49
    0.122720     5     0.008384       0.019456        0.009504         14.64    3.29
CPU_time(ms) Kernel GPU_time(ms) TransferIn(ms) TransferOut(ms) Speedup_noTrf Speedup
    0.128000     0     0.000000       0.000000        0.000000           inf     inf
    0.128000     1     0.014336       0.020960        0.012544          8.93    2.68
    0.128000     2     0.010240       0.020768        0.011232         12.50    3.03
    0.128000     3     0.014336       0.021728        0.011488          8.93    2.69
    0.128000     4     0.011264       0.020672        0.011296         11.36    2.96
    0.128000     5     0.013344       0.022208        0.012992          9.59    2.64
CPU_time(ms) Kernel GPU_time(ms) TransferIn(ms) TransferOut(ms) Speedup_noTrf Speedup
    0.128736     0     0.000000       0.000000        0.000000           inf     inf
    0.128736     1     0.012704       0.022432        0.011584         10.13    2.76
    0.128736     2     0.007840       0.017728        0.009728         16.42    3.65
    0.128736     3     0.013376       0.017440        0.009152          9.62    3.22
    0.128736     4     0.008672       0.018112        0.009120         14.85    3.59
    0.128736     5     0.014400       0.021600        0.011648          8.94    2.70
CPU_time(ms) Kernel GPU_time(ms) TransferIn(ms) TransferOut(ms) Speedup_noTrf Speedup
    0.129216     0     0.000000       0.000000        0.000000           inf     inf
    0.129216     1     0.013472       0.016576        0.011328          9.59    3.12
    0.129216     2     0.008480       0.017856        0.019872         15.24    2.80
    0.129216     3     0.013376       0.019040        0.009504          9.66    3.08
    0.129216     4     0.009440       0.019008        0.009696         13.69    3.39
    0.129216     5     0.013344       0.019264        0.011040          9.68    2.96
CPU_time(ms) Kernel GPU_time(ms) TransferIn(ms) TransferOut(ms) Speedup_noTrf Speedup
    0.124704     0     0.000000       0.000000        0.000000           inf     inf
    0.124704     1     0.013600       0.018432        0.010752          9.17    2.91
    0.124704     2     0.006944       0.017824        0.009056         17.96    3.69
    0.124704     3     0.014336       0.018304        0.009760          8.70    2.94
    0.124704     4     0.008416       0.017760        0.018656         14.82    2.78
    0.124704     5     0.008192       0.017920        0.008896         15.22    3.56
CPU_time(ms) Kernel GPU_time(ms) TransferIn(ms) TransferOut(ms) Speedup_noTrf Speedup
    0.120320     0     0.000000       0.000000        0.000000           inf     inf
    0.120320     1     0.014048       0.016384        0.009088          8.56    3.04
    0.120320     2     0.009760       0.016736        0.009632         12.33    3.33
    0.120320     3     0.012448       0.018208        0.009056          9.67    3.03
    0.120320     4     0.008352       0.018720        0.008928         14.41    3.34
    0.120320     5     0.008992       0.019456        0.008736         13.38    3.24
CPU_time(ms) Kernel GPU_time(ms) TransferIn(ms) TransferOut(ms) Speedup_noTrf Speedup
    0.120864     0     0.000000       0.000000        0.000000           inf     inf
    0.120864     1     0.036992       0.056448        0.027616          3.27    1.00
    0.120864     2     0.034944       0.041536        0.023808          3.46    1.21
    0.120864     3     0.038912       0.047360        0.026272          3.11    1.07
    0.120864     4     0.034816       0.042656        0.023968          3.47    1.19
    0.120864     5     0.033792       0.042464        0.024320          3.58    1.20
CPU_time(ms) Kernel GPU_time(ms) TransferIn(ms) TransferOut(ms) Speedup_noTrf Speedup
    0.122656     0     0.000000       0.000000        0.000000           inf     inf
    0.122656     1     0.012288       0.016384        0.008800          9.98    3.27
    0.122656     2     0.035072       0.061632        0.025536          3.50    1.00
    0.122656     3     0.033088       0.041312        0.024608          3.71    1.24
    0.122656     4     0.034816       0.042240        0.023776          3.52    1.22
    0.122656     5     0.033056       0.041888        0.025280          3.71    1.22
CPU_time(ms) Kernel GPU_time(ms) TransferIn(ms) TransferOut(ms) Speedup_noTrf Speedup
    0.327232     0     0.000000       0.000000        0.000000           inf     inf
    0.327232     1     0.036864       0.057344        0.026560          8.88    2.71
    0.327232     2     0.032352       0.041600        0.024192         10.11    3.33
    0.327232     3     0.033184       0.042784        0.025184          9.86    3.24
    0.327232     4     0.034528       0.042016        0.025376          9.48    3.21
    0.327232     5     0.039104       0.046048        0.026400          8.37    2.93
CPU_time(ms) Kernel GPU_time(ms) TransferIn(ms) TransferOut(ms) Speedup_noTrf Speedup
    0.118336     0     0.000000       0.000000        0.000000           inf     inf
    0.118336     1     0.014304       0.019168        0.010176          8.27    2.71
    0.118336     2     0.008128       0.016928        0.009120         14.56    3.46
    0.118336     3     0.012288       0.017376        0.009184          9.63    3.05
    0.118336     4     0.009248       0.017728        0.009408         12.80    3.25
    0.118336     5     0.008192       0.019360        0.009248         14.45    3.22
CPU_time(ms) Kernel GPU_time(ms) TransferIn(ms) TransferOut(ms) Speedup_noTrf Speedup
    0.116736     0     0.000000       0.000000        0.000000           inf     inf
    0.116736     1     0.013440       0.016384        0.011136          8.69    2.85
    0.116736     2     0.009376       0.017856        0.009280         12.45    3.20
    0.116736     3     0.012448       0.018304        0.010240          9.38    2.85
    0.116736     4     0.009760       0.018400        0.009792         11.96    3.08
    0.116736     5     0.010016       0.018720        0.009216         11.65    3.08
CPU_time(ms) Kernel GPU_time(ms) TransferIn(ms) TransferOut(ms) Speedup_noTrf Speedup
    0.335872     0     0.000000       0.000000        0.000000           inf     inf
    0.335872     1     0.038912       0.056544        0.026336          8.63    2.76
    0.335872     2     0.035360       0.041536        0.023296          9.50    3.35
    0.335872     3     0.033280       0.042784        0.024288         10.09    3.35
    0.335872     4     0.033728       0.042368        0.024192          9.96    3.35
    0.335872     5     0.034432       0.041024        0.022944          9.75    3.41
CPU_time(ms) Kernel GPU_time(ms) TransferIn(ms) TransferOut(ms) Speedup_noTrf Speedup
    0.120928     0     0.000000       0.000000        0.000000           inf     inf
    0.120928     1     0.013952       0.019680        0.011488          8.67    2.68
    0.120928     2     0.008832       0.017952        0.009376         13.69    3.34
    0.120928     3     0.012384       0.019744        0.009216          9.76    2.92
    0.120928     4     0.010240       0.018400        0.009056         11.81    3.21
    0.120928     5     0.010240       0.020064        0.010560         11.81    2.96
CPU_time(ms) Kernel GPU_time(ms) TransferIn(ms) TransferOut(ms) Speedup_noTrf Speedup
    0.121248     0     0.000000       0.000000        0.000000           inf     inf
    0.121248     1     0.037056       0.041824        0.026240          3.27    1.15
    0.121248     2     0.033888       0.041664        0.024288          3.58    1.21
    0.121248     3     0.033024       0.043104        0.023648          3.67    1.22
    0.121248     4     0.033216       0.041792        0.024192          3.65    1.22
    0.121248     5     0.034368       0.043296        0.024160          3.53    1.19
CPU_time(ms) Kernel GPU_time(ms) TransferIn(ms) TransferOut(ms) Speedup_noTrf Speedup
    0.120832     0     0.000000       0.000000        0.000000           inf     inf
    0.120832     1     0.038048       0.042784        0.025984          3.18    1.13
    0.120832     2     0.031552       0.040544        0.023776          3.83    1.26
    0.120832     3     0.032768       0.042240        0.024192          3.69    1.22
    0.120832     4     0.033280       0.041088        0.023744          3.63    1.23
    0.120832     5     0.033600       0.041536        0.023584          3.60    1.22
CPU_time(ms) Kernel GPU_time(ms) TransferIn(ms) TransferOut(ms) Speedup_noTrf Speedup
    0.313344     0     0.000000       0.000000        0.000000           inf     inf
    0.313344     1     0.038912       0.052736        0.026368          8.05    2.66
    0.313344     2     0.031392       0.042496        0.024640          9.98    3.18
    0.313344     3     0.032768       0.041408        0.023296          9.56    3.21
    0.313344     4     0.034816       0.041280        0.023808          9.00    3.14
    0.313344     5     0.032352       0.042688        0.023840          9.69    3.17
CPU_time(ms) Kernel GPU_time(ms) TransferIn(ms) TransferOut(ms) Speedup_noTrf Speedup
    0.344896     0     0.000000       0.000000        0.000000           inf     inf
    0.344896     1     0.036992       0.056128        0.026688          9.32    2.88
    0.344896     2     0.032768       0.041120        0.024096         10.53    3.52
    0.344896     3     0.039936       0.047744        0.025696          8.64    3.04
    0.344896     4     0.041600       0.046880        0.025920          8.29    3.01
    0.344896     5     0.040960       0.045728        0.026816          8.42    3.04
CPU_time(ms) Kernel GPU_time(ms) TransferIn(ms) TransferOut(ms) Speedup_noTrf Speedup
    0.122272     0     0.000000       0.000000        0.000000           inf     inf
    0.122272     1     0.012608       0.016384        0.009568          9.70    3.17
    0.122272     2     0.007840       0.017344        0.009792         15.60    3.50
    0.122272     3     0.032800       0.044384        0.025472          3.73    1.19
    0.122272     4     0.034176       0.041824        0.024960          3.58    1.21
    0.122272     5     0.033312       0.043200        0.024320          3.67    1.21
CPU_time(ms) Kernel GPU_time(ms) TransferIn(ms) TransferOut(ms) Speedup_noTrf Speedup
    0.336928     0     0.000000       0.000000        0.000000           inf     inf
    0.336928     1     0.039104       0.055584        0.028544          8.62    2.73
    0.336928     2     0.031456       0.041472        0.025312         10.71    3.43
    0.336928     3     0.032128       0.042592        0.024992         10.49    3.38
    0.336928     4     0.033888       0.042880        0.023840          9.94    3.35
    0.336928     5     0.032704       0.043264        0.024512         10.30    3.35
CPU_time(ms) Kernel GPU_time(ms) TransferIn(ms) TransferOut(ms) Speedup_noTrf Speedup
    0.122880     0     0.000000       0.000000        0.000000           inf     inf
    0.122880     1     0.014240       0.017440        0.010976          8.63    2.88
    0.122880     2     0.008192       0.017120        0.009120         15.00    3.57
    0.122880     3     0.012416       0.018464        0.009536          9.90    3.04
    0.122880     4     0.008864       0.018336        0.008992         13.86    3.40
    0.122880     5     0.010240       0.019136        0.009280         12.00    3.18
CPU_time(ms) Kernel GPU_time(ms) TransferIn(ms) TransferOut(ms) Speedup_noTrf Speedup
    0.131072     0     0.000000       0.000000        0.000000           inf     inf
    0.131072     1     0.014336       0.020768        0.010816          9.14    2.85
    0.131072     2     0.009792       0.019264        0.010112         13.39    3.35
    0.131072     3     0.013696       0.019776        0.009824          9.57    3.03
    0.131072     4     0.010944       0.020128        0.011008         11.98    3.11
    0.131072     5     0.011360       0.021792        0.012160         11.54    2.89
CPU_time(ms) Kernel GPU_time(ms) TransferIn(ms) TransferOut(ms) Speedup_noTrf Speedup
    0.116576     0     0.000000       0.000000        0.000000           inf     inf
    0.116576     1     0.014336       0.019008        0.008704          8.13    2.77
    0.116576     2     0.007872       0.017312        0.009376         14.81    3.37
    0.116576     3     0.011904       0.018848        0.008896          9.79    2.94
    0.116576     4     0.008192       0.018240        0.009120         14.23    3.28
    0.116576     5     0.008192       0.018496        0.009280         14.23    3.24
CPU_time(ms) Kernel GPU_time(ms) TransferIn(ms) TransferOut(ms) Speedup_noTrf Speedup
    0.124928     0     0.000000       0.000000        0.000000           inf     inf
    0.124928     1     0.014272       0.017632        0.010432          8.75    2.95
    0.124928     2     0.007840       0.017792        0.009152         15.93    3.59
    0.124928     3     0.012288       0.019840        0.009152         10.17    3.03
    0.124928     4     0.009184       0.018624        0.009248         13.60    3.37
    0.124928     5     0.010144       0.019488        0.010048         12.32    3.15
CPU_time(ms) Kernel GPU_time(ms) TransferIn(ms) TransferOut(ms) Speedup_noTrf Speedup
    0.127104     0     0.000000       0.000000        0.000000           inf     inf
    0.127104     1     0.014336       0.017696        0.010848          8.87    2.96
    0.127104     2     0.008512       0.018432        0.009376         14.93    3.50
    0.127104     3     0.012288       0.020352        0.009440         10.34    3.02
    0.127104     4     0.010240       0.020480        0.011232         12.41    3.03
    0.127104     5     0.010528       0.020800        0.011680         12.07    2.96
CPU_time(ms) Kernel GPU_time(ms) TransferIn(ms) TransferOut(ms) Speedup_noTrf Speedup
    0.127424     0     0.000000       0.000000        0.000000           inf     inf
    0.127424     1     0.013696       0.016384        0.009824          9.30    3.19
    0.127424     2     0.007936       0.018752        0.009920         16.06    3.48
    0.127424     3     0.012288       0.017536        0.009344         10.37    3.25
    0.127424     4     0.009632       0.017888        0.009824         13.23    3.41
    0.127424     5     0.008992       0.019808        0.010208         14.17    3.27
CPU_time(ms) Kernel GPU_time(ms) TransferIn(ms) TransferOut(ms) Speedup_noTrf Speedup
    0.122080     0     0.000000       0.000000        0.000000           inf     inf
    0.122080     1     0.013440       0.018432        0.008736          9.08    3.01
    0.122080     2     0.007840       0.018368        0.009568         15.57    3.41
    0.122080     3     0.011712       0.017984        0.008992         10.42    3.16
    0.122080     4     0.009536       0.017056        0.009184         12.80    3.41
    0.122080     5     0.008256       0.017600        0.009536         14.79    3.45
CPU_time(ms) Kernel GPU_time(ms) TransferIn(ms) TransferOut(ms) Speedup_noTrf Speedup
    0.121056     0     0.000000       0.000000        0.000000           inf     inf
    0.121056     1     0.012352       0.016384        0.009920          9.80    3.13
    0.121056     2     0.039744       0.046144        0.026496          3.05    1.08
    0.121056     3     0.039616       0.046208        0.026432          3.06    1.08
    0.121056     4     0.033984       0.041728        0.022944          3.56    1.23
    0.121056     5     0.031712       0.041184        0.023392          3.82    1.26
CPU_time(ms) Kernel GPU_time(ms) TransferIn(ms) TransferOut(ms) Speedup_noTrf Speedup
    0.252160     0     0.000000       0.000000        0.000000           inf     inf
    0.252160     1     0.039360       0.034816        0.028448          6.41    2.46
    0.252160     2     0.041280       0.046944        0.026688          6.11    2.19
    0.252160     3     0.033760       0.042112        0.024224          7.47    2.52
    0.252160     4     0.034816       0.041888        0.024096          7.24    2.50
    0.252160     5     0.033664       0.042720        0.024192          7.49    2.51
CPU_time(ms) Kernel GPU_time(ms) TransferIn(ms) TransferOut(ms) Speedup_noTrf Speedup
    0.120544     0     0.000000       0.000000        0.000000           inf     inf
    0.120544     1     0.012704       0.016384        0.008672          9.49    3.19
    0.120544     2     0.007936       0.017120        0.009056         15.19    3.53
    0.120544     3     0.010272       0.018304        0.009184         11.74    3.19
    0.120544     4     0.008448       0.018944        0.009376         14.27    3.28
    0.120544     5     0.008192       0.017984        0.009184         14.71    3.41
CPU_time(ms) Kernel GPU_time(ms) TransferIn(ms) TransferOut(ms) Speedup_noTrf Speedup
    0.122880     0     0.000000       0.000000        0.000000           inf     inf
    0.122880     1     0.012416       0.021056        0.008320          9.90    2.94
    0.122880     2     0.007904       0.017568        0.009152         15.55    3.55
    0.122880     3     0.012288       0.017600        0.008224         10.00    3.22
    0.122880     4     0.008192       0.017792        0.009024         15.00    3.51
    0.122880     5     0.009184       0.018272        0.008736         13.38    3.40
CPU_time(ms) Kernel GPU_time(ms) TransferIn(ms) TransferOut(ms) Speedup_noTrf Speedup
    0.123008     0     0.000000       0.000000        0.000000           inf     inf
    0.123008     1     0.012480       0.016384        0.010752          9.86    3.11
    0.123008     2     0.007872       0.017440        0.009696         15.63    3.51
    0.123008     3     0.012288       0.017984        0.009120         10.01    3.12
    0.123008     4     0.009088       0.019264        0.009216         13.54    3.27
    0.123008     5     0.033728       0.041216        0.024800          3.65    1.23
CPU_time(ms) Kernel GPU_time(ms) TransferIn(ms) TransferOut(ms) Speedup_noTrf Speedup
    0.325248     0     0.000000       0.000000        0.000000           inf     inf
    0.325248     1     0.037824       0.058592        0.039296          8.60    2.40
    0.325248     2     0.034208       0.039616        0.023712          9.51    3.33
    0.325248     3     0.033216       0.042144        0.024672          9.79    3.25
    0.325248     4     0.032960       0.040416        0.023232          9.87    3.37
    0.325248     5     0.033856       0.041600        0.024320          9.61    3.26
CPU_time(ms) Kernel GPU_time(ms) TransferIn(ms) TransferOut(ms) Speedup_noTrf Speedup
    0.094272     0     0.000000       0.000000        0.000000           inf     inf
    0.094272     1     0.014112       0.020352        0.011296          6.68    2.06
    0.094272     2     0.009088       0.018144        0.009536         10.37    2.56
    0.094272     3     0.032384       0.044960        0.024352          2.91    0.93
    0.094272     4     0.033024       0.041856        0.024640          2.85    0.95
    0.094272     5     0.034464       0.041760        0.025088          2.74    0.93
CPU_time(ms) Kernel GPU_time(ms) TransferIn(ms) TransferOut(ms) Speedup_noTrf Speedup
    0.134944     0     0.000000       0.000000        0.000000           inf     inf
    0.134944     1     0.037216       0.054976        0.026080          3.63    1.14
    0.134944     2     0.040800       0.046752        0.026304          3.31    1.19
    0.134944     3     0.040192       0.048288        0.026848          3.36    1.17
    0.134944     4     0.041184       0.047040        0.025536          3.28    1.19
    0.134944     5     0.042368       0.048032        0.025920          3.19    1.16
CPU_time(ms) Kernel GPU_time(ms) TransferIn(ms) TransferOut(ms) Speedup_noTrf Speedup
    0.122880     0     0.000000       0.000000        0.000000           inf     inf
    0.122880     1     0.012640       0.016384        0.009760          9.72    3.17
    0.122880     2     0.008064       0.017280        0.010112         15.24    3.47
    0.122880     3     0.012288       0.018304        0.009152         10.00    3.09
    0.122880     4     0.032768       0.041088        0.023744          3.75    1.26
    0.122880     5     0.032800       0.041120        0.023936          3.75    1.26
CPU_time(ms) Kernel GPU_time(ms) TransferIn(ms) TransferOut(ms) Speedup_noTrf Speedup
    0.122720     0     0.000000       0.000000        0.000000           inf     inf
    0.122720     1     0.012512       0.020480        0.009408          9.81    2.89
    0.122720     2     0.008192       0.017440        0.009376         14.98    3.51
    0.122720     3     0.012544       0.018272        0.009760          9.78    3.02
    0.122720     4     0.009344       0.018560        0.009280         13.13    3.30
    0.122720     5     0.009120       0.018496        0.008960         13.46    3.36
CPU_time(ms) Kernel GPU_time(ms) TransferIn(ms) TransferOut(ms) Speedup_noTrf Speedup
    0.132000     0     0.000000       0.000000        0.000000           inf     inf
    0.132000     1     0.012576       0.016384        0.009792         10.50    3.41
    0.132000     2     0.007904       0.016992        0.009952         16.70    3.79
    0.132000     3     0.012352       0.017984        0.009696         10.69    3.30
    0.132000     4     0.008352       0.017856        0.009056         15.80    3.74
    0.132000     5     0.009632       0.018656        0.009792         13.70    3.47
CPU_time(ms) Kernel GPU_time(ms) TransferIn(ms) TransferOut(ms) Speedup_noTrf Speedup
    0.123680     0     0.000000       0.000000        0.000000           inf     inf
    0.123680     1     0.012992       0.018848        0.010720          9.52    2.91
    0.123680     2     0.009792       0.016544        0.010752         12.63    3.33
    0.123680     3     0.012448       0.018464        0.010016          9.94    3.02
    0.123680     4     0.010240       0.018720        0.009824         12.08    3.19
    0.123680     5     0.010656       0.019936        0.010496         11.61    3.01
CPU_time(ms) Kernel GPU_time(ms) TransferIn(ms) TransferOut(ms) Speedup_noTrf Speedup
    0.145088     0     0.000000       0.000000        0.000000           inf     inf
    0.145088     1     0.014368       0.018304        0.012064         10.10    3.24
    0.145088     2     0.009312       0.019072        0.009760         15.58    3.80
    0.145088     3     0.013504       0.018560        0.009856         10.74    3.46
    0.145088     4     0.009728       0.020544        0.010688         14.91    3.54
    0.145088     5     0.011360       0.020960        0.011680         12.77    3.30
CPU_time(ms) Kernel GPU_time(ms) TransferIn(ms) TransferOut(ms) Speedup_noTrf Speedup
    0.122176     0     0.000000       0.000000        0.000000           inf     inf
    0.122176     1     0.014272       0.017728        0.009408          8.56    2.95
    0.122176     2     0.007840       0.018688        0.009024         15.58    3.44
    0.122176     3     0.011872       0.019136        0.009568         10.29    3.01
    0.122176     4     0.014176       0.019296        0.011424          8.62    2.72
    0.122176     5     0.010112       0.019680        0.009792         12.08    3.09
CPU_time(ms) Kernel GPU_time(ms) TransferIn(ms) TransferOut(ms) Speedup_noTrf Speedup
    0.127456     0     0.000000       0.000000        0.000000           inf     inf
    0.127456     1     0.014336       0.020288        0.011104          8.89    2.79
    0.127456     2     0.009984       0.017504        0.010464         12.77    3.36
    0.127456     3     0.012704       0.019296        0.010144         10.03    3.02
    0.127456     4     0.034624       0.040256        0.024832          3.68    1.28
    0.127456     5     0.033056       0.041056        0.024736          3.86    1.29
CPU_time(ms) Kernel GPU_time(ms) TransferIn(ms) TransferOut(ms) Speedup_noTrf Speedup
    0.119808     0     0.000000       0.000000        0.000000           inf     inf
    0.119808     1     0.013856       0.016512        0.011584          8.65    2.86
    0.119808     2     0.007840       0.017376        0.009600         15.28    3.44
    0.119808     3     0.012320       0.018112        0.009536          9.72    3.00
    0.119808     4     0.009696       0.018336        0.009376         12.36    3.20
    0.119808     5     0.008640       0.018432        0.008544         13.87    3.36
CPU_time(ms) Kernel GPU_time(ms) TransferIn(ms) TransferOut(ms) Speedup_noTrf Speedup
    0.132800     0     0.000000       0.000000        0.000000           inf     inf
    0.132800     1     0.014336       0.018432        0.012288          9.26    2.95
    0.132800     2     0.008864       0.019168        0.009248         14.98    3.56
    0.132800     3     0.012544       0.020160        0.010016         10.59    3.11
    0.132800     4     0.010848       0.020640        0.010528         12.24    3.16
    0.132800     5     0.010848       0.020928        0.011680         12.24    3.06
CPU_time(ms) Kernel GPU_time(ms) TransferIn(ms) TransferOut(ms) Speedup_noTrf Speedup
    0.122880     0     0.000000       0.000000        0.000000           inf     inf
    0.122880     1     0.013440       0.018496        0.010400          9.14    2.90
    0.122880     2     0.007840       0.017824        0.009728         15.67    3.47
    0.122880     3     0.032992       0.042688        0.025056          3.72    1.22
    0.122880     4     0.032384       0.040576        0.041696          3.79    1.07
    0.122880     5     0.033056       0.042528        0.024576          3.72    1.23
CPU_time(ms) Kernel GPU_time(ms) TransferIn(ms) TransferOut(ms) Speedup_noTrf Speedup
    0.119040     0     0.000000       0.000000        0.000000           inf     inf
    0.119040     1     0.012928       0.016704        0.010720          9.21    2.95
    0.119040     2     0.008480       0.017600        0.009856         14.04    3.31
    0.119040     3     0.032832       0.043040        0.023968          3.63    1.19
    0.119040     4     0.034880       0.042208        0.024064          3.41    1.18
    0.119040     5     0.035104       0.041472        0.024928          3.39    1.17
CPU_time(ms) Kernel GPU_time(ms) TransferIn(ms) TransferOut(ms) Speedup_noTrf Speedup
    0.129088     0     0.000000       0.000000        0.000000           inf     inf
    0.129088     1     0.041440       0.065728        0.028320          3.12    0.95
    0.129088     2     0.033888       0.041792        0.023456          3.81    1.30
    0.129088     3     0.032768       0.042656        0.023360          3.94    1.31
    0.129088     4     0.033024       0.040928        0.023712          3.91    1.32
    0.129088     5     0.034528       0.039808        0.023872          3.74    1.31
CPU_time(ms) Kernel GPU_time(ms) TransferIn(ms) TransferOut(ms) Speedup_noTrf Speedup
    0.120384     0     0.000000       0.000000        0.000000           inf     inf
    0.120384     1     0.012832       0.017056        0.010656          9.38    2.97
    0.120384     2     0.008192       0.017440        0.009056         14.70    3.47
    0.120384     3     0.012448       0.018688        0.009184          9.67    2.99
    0.120384     4     0.008256       0.017600        0.008960         14.58    3.46
    0.120384     5     0.009440       0.019168        0.009440         12.75    3.16
CPU_time(ms) Kernel GPU_time(ms) TransferIn(ms) TransferOut(ms) Speedup_noTrf Speedup
    0.346752     0     0.000000       0.000000        0.000000           inf     inf
    0.346752     1     0.038784       0.065664        0.027424          8.94    2.63
    0.346752     2     0.031040       0.041888        0.023872         11.17    3.58
    0.346752     3     0.032448       0.041504        0.023424         10.69    3.56
    0.346752     4     0.032800       0.040544        0.023168         10.57    3.59
    0.346752     5     0.033632       0.041216        0.023456         10.31    3.53
CPU_time(ms) Kernel GPU_time(ms) TransferIn(ms) TransferOut(ms) Speedup_noTrf Speedup
    0.119488     0     0.000000       0.000000        0.000000           inf     inf
    0.119488     1     0.016096       0.026624        0.013056          7.42    2.14
    0.119488     2     0.010656       0.018624        0.009984         11.21    3.04
    0.119488     3     0.018432       0.022848        0.012544          6.48    2.22
    0.119488     4     0.016384       0.022752        0.013312          7.29    2.28
    0.119488     5     0.011808       0.022240        0.011040         10.12    2.65
CPU_time(ms) Kernel GPU_time(ms) TransferIn(ms) TransferOut(ms) Speedup_noTrf Speedup
    0.122784     0     0.000000       0.000000        0.000000           inf     inf
    0.122784     1     0.037152       0.044128        0.027488          3.30    1.13
    0.122784     2     0.032800       0.042016        0.023872          3.74    1.24
    0.122784     3     0.032928       0.044224        0.024768          3.73    1.20
    0.122784     4     0.034656       0.043808        0.025888          3.54    1.18
    0.122784     5     0.034208       0.041792        0.024448          3.59    1.22
CPU_time(ms) Kernel GPU_time(ms) TransferIn(ms) TransferOut(ms) Speedup_noTrf Speedup
    0.118784     0     0.000000       0.000000        0.000000           inf     inf
    0.118784     1     0.013024       0.016864        0.009568          9.12    3.01
    0.118784     2     0.008000       0.018112        0.009664         14.85    3.32
    0.118784     3     0.012288       0.018112        0.009088          9.67    3.01
    0.118784     4     0.008512       0.019040        0.009600         13.95    3.20
    0.118784     5     0.009888       0.019328        0.010336         12.01    3.00
CPU_time(ms) Kernel GPU_time(ms) TransferIn(ms) TransferOut(ms) Speedup_noTrf Speedup
    0.120160     0     0.000000       0.000000        0.000000           inf     inf
    0.120160     1     0.038304       0.041024        0.026272          3.14    1.14
    0.120160     2     0.032800       0.040576        0.023488          3.66    1.24
    0.120160     3     0.032768       0.041888        0.023872          3.67    1.22
    0.120160     4     0.032992       0.040416        0.023104          3.64    1.25
    0.120160     5     0.032608       0.040512        0.023296          3.68    1.25
CPU_time(ms) Kernel GPU_time(ms) TransferIn(ms) TransferOut(ms) Speedup_noTrf Speedup
    0.129984     0     0.000000       0.000000        0.000000           inf     inf
    0.129984     1     0.039136       0.055040        0.027904          3.32    1.06
    0.129984     2     0.030720       0.041792        0.024640          4.23    1.34
    0.129984     3     0.031392       0.042272        0.023616          4.14    1.34
    0.129984     4     0.032768       0.040608        0.025152          3.97    1.32
    0.129984     5     0.040960       0.061088        0.026368          3.17    1.01
CPU_time(ms) Kernel GPU_time(ms) TransferIn(ms) TransferOut(ms) Speedup_noTrf Speedup
    0.123264     0     0.000000       0.000000        0.000000           inf     inf
    0.123264     1     0.012960       0.018912        0.011008          9.51    2.87
    0.123264     2     0.008192       0.017664        0.009024         15.05    3.53
    0.123264     3     0.012480       0.019104        0.009184          9.88    3.02
    0.123264     4     0.008992       0.018144        0.009376         13.71    3.38
    0.123264     5     0.009952       0.017856        0.010144         12.39    3.25
CPU_time(ms) Kernel GPU_time(ms) TransferIn(ms) TransferOut(ms) Speedup_noTrf Speedup
    0.124224     0     0.000000       0.000000        0.000000           inf     inf
    0.124224     1     0.038496       0.042976        0.025728          3.23    1.16
    0.124224     2     0.031424       0.042464        0.023168          3.95    1.28
    0.124224     3     0.032288       0.042240        0.024128          3.85    1.26
    0.124224     4     0.032800       0.039648        0.024224          3.79    1.29
    0.124224     5     0.032896       0.041344        0.024704          3.78    1.26
CPU_time(ms) Kernel GPU_time(ms) TransferIn(ms) TransferOut(ms) Speedup_noTrf Speedup
    0.120480     0     0.000000       0.000000        0.000000           inf     inf
    0.120480     1     0.014112       0.019776        0.009056          8.54    2.81
    0.120480     2     0.008960       0.017888        0.009344         13.45    3.33
    0.120480     3     0.032832       0.042496        0.023488          3.67    1.22
    0.120480     4     0.033216       0.040704        0.023744          3.63    1.23
    0.120480     5     0.034752       0.041472        0.024320          3.47    1.20
CPU_time(ms) Kernel GPU_time(ms) TransferIn(ms) TransferOut(ms) Speedup_noTrf Speedup
    0.344096     0     0.000000       0.000000        0.000000           inf     inf
    0.344096     1     0.036864       0.042368        0.026048          9.33    3.27
    0.344096     2     0.034080       0.040928        0.024512         10.10    3.46
    0.344096     3     0.032672       0.041536        0.024352         10.53    3.49
    0.344096     4     0.033952       0.041120        0.023872         10.13    3.48
    0.344096     5     0.032576       0.042176        0.024032         10.56    3.48
CPU_time(ms) Kernel GPU_time(ms) TransferIn(ms) TransferOut(ms) Speedup_noTrf Speedup
    0.092160     0     0.000000       0.000000        0.000000           inf     inf
    0.092160     1     0.014336       0.019904        0.008800          6.43    2.14
    0.092160     2     0.008480       0.018752        0.009984         10.87    2.48
    0.092160     3     0.011968       0.018816        0.009664          7.70    2.28
    0.092160     4     0.008512       0.017952        0.009568         10.83    2.56
    0.092160     5     0.009600       0.019040        0.010048          9.60    2.38
CPU_time(ms) Kernel GPU_time(ms) TransferIn(ms) TransferOut(ms) Speedup_noTrf Speedup
    0.126304     0     0.000000       0.000000        0.000000           inf     inf
    0.126304     1     0.013824       0.016384        0.009568          9.14    3.18
    0.126304     2     0.031840       0.041984        0.023584          3.97    1.30
    0.126304     3     0.032864       0.042432        0.023008          3.84    1.28
    0.126304     4     0.033952       0.041024        0.024352          3.72    1.27
    0.126304     5     0.032768       0.040416        0.023744          3.85    1.30
CPU_time(ms) Kernel GPU_time(ms) TransferIn(ms) TransferOut(ms) Speedup_noTrf Speedup
    0.124864     0     0.000000       0.000000        0.000000           inf     inf
    0.124864     1     0.014336       0.019968        0.009888          8.71    2.83
    0.124864     2     0.008192       0.017984        0.010240         15.24    3.43
    0.124864     3     0.012736       0.019200        0.008480          9.80    3.09
    0.124864     4     0.008896       0.018304        0.008576         14.04    3.49
    0.124864     5     0.034816       0.041760        0.024064          3.59    1.24
CPU_time(ms) Kernel GPU_time(ms) TransferIn(ms) TransferOut(ms) Speedup_noTrf Speedup
    0.114688     0     0.000000       0.000000        0.000000           inf     inf
    0.114688     1     0.013472       0.018624        0.010400          8.51    2.70
    0.114688     2     0.008192       0.016320        0.009248         14.00    3.40
    0.114688     3     0.031616       0.043520        0.024448          3.63    1.15
    0.114688     4     0.036864       0.041568        0.024832          3.11    1.11
    0.114688     5     0.036384       0.040704        0.024384          3.15    1.13
CPU_time(ms) Kernel GPU_time(ms) TransferIn(ms) TransferOut(ms) Speedup_noTrf Speedup
    0.352320     0     0.000000       0.000000        0.000000           inf     inf
    0.352320     1     0.040672       0.062016        0.027168          8.66    2.71
    0.352320     2     0.034464       0.040992        0.024096         10.22    3.54
    0.352320     3     0.033408       0.043040        0.024576         10.55    3.49
    0.352320     4     0.033920       0.040416        0.023936         10.39    3.59
    0.352320     5     0.034688       0.041824        0.024832         10.16    3.48
CPU_time(ms) Kernel GPU_time(ms) TransferIn(ms) TransferOut(ms) Speedup_noTrf Speedup
    0.122880     0     0.000000       0.000000        0.000000           inf     inf
    0.122880     1     0.013728       0.018464        0.009184          8.95    2.97
    0.122880     2     0.006944       0.017920        0.009120         17.70    3.62
    0.122880     3     0.012384       0.018848        0.009888          9.92    2.99
    0.122880     4     0.008192       0.017632        0.009312         15.00    3.50
    0.122880     5     0.008736       0.019072        0.009792         14.07    3.27
