CPU_time(ms) Kernel GPU_time(ms) TransferIn(ms) TransferOut(ms) Speedup_noTrf Speedup
   67.808800     0     0.000000       0.000000        0.000000           inf     inf
   67.808800     1    10.762240       3.933280        6.920096          6.30    3.14
   67.808800     2     0.888000       3.173664        1.865152         76.36   11.44
   67.808800     3    52.180992       3.175584        1.548768          1.30    1.19
   67.808800     4   557.231140       3.160640        1.545728          0.12    0.12
   67.808800     5    10.427392       3.139072        1.767872          6.50    4.42
CPU_time(ms) Kernel GPU_time(ms) TransferIn(ms) TransferOut(ms) Speedup_noTrf Speedup
   70.060158     0     0.000000       0.000000        0.000000           inf     inf
   70.060158     1    10.773632       4.124672        6.511968          6.50    3.27
   70.060158     2     0.890208       3.327264        1.729824         78.70   11.78
   70.060158     3    52.234241       7.263456        1.648128          1.34    1.15
   70.060158     4   560.958008       3.104000        1.597280          0.12    0.12
   70.060158     5    10.473440       7.238432        5.022432          6.69    3.08
CPU_time(ms) Kernel GPU_time(ms) TransferIn(ms) TransferOut(ms) Speedup_noTrf Speedup
   77.390625     0     0.000000       0.000000        0.000000           inf     inf
   77.390625     1    10.767072       3.981376        6.630336          7.19    3.62
   77.390625     2     0.889984       3.159104        1.889856         86.96   13.03
   77.390625     3    52.211582       3.128032        1.605952          1.48    1.36
   77.390625     4   559.975891       3.980576        1.544576          0.14    0.14
   77.390625     5    10.455232       3.109088        1.747040          7.40    5.05
CPU_time(ms) Kernel GPU_time(ms) TransferIn(ms) TransferOut(ms) Speedup_noTrf Speedup
   66.981888     0     0.000000       0.000000        0.000000           inf     inf
   66.981888     1    10.772480       8.968704        7.569952          6.22    2.45
   66.981888     2     0.888832       3.106880        1.674560         75.36   11.81
   66.981888     3    52.217567       7.332224        1.646176          1.28    1.09
   66.981888     4   560.408752       7.317472        1.571456          0.12    0.12
   66.981888     5    10.471616       7.294240        4.988672          6.40    2.94
CPU_time(ms) Kernel GPU_time(ms) TransferIn(ms) TransferOut(ms) Speedup_noTrf Speedup
   65.233124     0     0.000000       0.000000        0.000000           inf     inf
   65.233124     1    10.764288       4.317056        6.955936          6.06    2.96
   65.233124     2     0.887072       3.193440        1.621120         73.54   11.44
   65.233124     3    52.204098       3.175104        1.527328          1.25    1.15
   65.233124     4   575.143372       3.214816        1.522336          0.11    0.11
   65.233124     5    10.426688       3.205568        1.685472          6.26    4.26
CPU_time(ms) Kernel GPU_time(ms) TransferIn(ms) TransferOut(ms) Speedup_noTrf Speedup
   68.687874     0     0.000000       0.000000        0.000000           inf     inf
   68.687874     1    10.846208       4.101408        6.982880          6.33    3.13
   68.687874     2     0.894976       3.125024        1.884064         76.75   11.63
   68.687874     3    52.643841       3.096992        1.550304          1.30    1.20
   68.687874     4   558.739441       3.122144        1.596448          0.12    0.12
   68.687874     5    10.435040       3.127712        1.612864          6.58    4.53
CPU_time(ms) Kernel GPU_time(ms) TransferIn(ms) TransferOut(ms) Speedup_noTrf Speedup
   70.842079     0     0.000000       0.000000        0.000000           inf     inf
   70.842079     1    10.856448       9.619552        8.147520          6.53    2.47
   70.842079     2     0.892768       3.909600        1.681152         79.35   10.93
   70.842079     3    52.652031       7.753536        1.768544          1.35    1.14
   70.842079     4   578.035706       3.129408        1.645408          0.12    0.12
   70.842079     5    10.453632       7.763456        6.036352          6.78    2.92
CPU_time(ms) Kernel GPU_time(ms) TransferIn(ms) TransferOut(ms) Speedup_noTrf Speedup
   69.572418     0     0.000000       0.000000        0.000000           inf     inf
   69.572418     1    10.856448       4.439904        7.325760          6.41    3.08
   69.572418     2     0.893344       3.147808        1.810784         77.88   11.89
   69.572418     3    52.661442       3.161504        1.532448          1.32    1.21
   69.572418     4   580.058533       3.139616        1.577216          0.12    0.12
   69.572418     5    10.435936       3.153280        1.732736          6.67    4.54
CPU_time(ms) Kernel GPU_time(ms) TransferIn(ms) TransferOut(ms) Speedup_noTrf Speedup
   69.447678     0     0.000000       0.000000        0.000000           inf     inf
   69.447678     1    10.850304       3.951776        6.075968          6.40    3.33
   69.447678     2     0.909920       7.348160        4.993216         76.32    5.24
   69.447678     3    52.631809       3.168896        1.604224          1.32    1.21
   69.447678     4   563.365906       7.286016        1.586496          0.12    0.12
   69.447678     5    10.454656       7.285312        4.837472          6.64    3.08
CPU_time(ms) Kernel GPU_time(ms) TransferIn(ms) TransferOut(ms) Speedup_noTrf Speedup
   67.793922     0     0.000000       0.000000        0.000000           inf     inf
   67.793922     1    10.852352       3.877184        6.189984          6.25    3.24
   67.793922     2     0.894976       3.126112        1.666976         75.75   11.92
   67.793922     3    52.599262       7.241760        1.691840          1.29    1.10
   67.793922     4   575.895569       3.152352        1.652512          0.12    0.12
   67.793922     5    10.436608       3.166720        1.974368          6.50    4.35
CPU_time(ms) Kernel GPU_time(ms) TransferIn(ms) TransferOut(ms) Speedup_noTrf Speedup
   65.921600     0     0.000000       0.000000        0.000000           inf     inf
   65.921600     1    10.851552       3.911296        6.422752          6.07    3.11
   65.921600     2     0.894976       3.271712        1.993120         73.66   10.70
   65.921600     3    52.645729       3.171008        1.553760          1.25    1.15
   65.921600     4   600.031128       7.332768        1.548704          0.11    0.11
   65.921600     5    10.436608       3.123552        1.631648          6.32    4.34
CPU_time(ms) Kernel GPU_time(ms) TransferIn(ms) TransferOut(ms) Speedup_noTrf Speedup
   68.425728     0     0.000000       0.000000        0.000000           inf     inf
   68.425728     1    10.930176       4.054496        6.171008          6.26    3.23
   68.425728     2     0.900640       3.156928        1.624192         75.97   12.04
   68.425728     3    53.043999       7.758560        1.678496          1.29    1.10
   68.425728     4   600.581970       7.754880        1.583808          0.11    0.11
   68.425728     5    10.450432       3.214176        1.573600          6.55    4.49
CPU_time(ms) Kernel GPU_time(ms) TransferIn(ms) TransferOut(ms) Speedup_noTrf Speedup
   70.379677     0     0.000000       0.000000        0.000000           inf     inf
   70.379677     1    10.925312       4.085824        6.556672          6.44    3.26
   70.379677     2     0.901024       3.115328        1.674528         78.11   12.37
   70.379677     3    52.973919       7.789280        1.741728          1.33    1.13
   70.379677     4   562.555237       3.145760        1.623936          0.13    0.12
   70.379677     5    10.446848       3.143936        1.677216          6.74    4.61
CPU_time(ms) Kernel GPU_time(ms) TransferIn(ms) TransferOut(ms) Speedup_noTrf Speedup
   71.992126     0     0.000000       0.000000        0.000000           inf     inf
   71.992126     1    10.926080       4.066592        6.603040          6.59    3.33
   71.992126     2     0.916960       7.554880        5.788544         78.51    5.05
   71.992126     3    52.989952       7.581760        1.708896          1.36    1.16
   71.992126     4   607.842346       7.559488        1.624256          0.12    0.12
   71.992126     5    10.448896       3.181216        1.720864          6.89    4.69
CPU_time(ms) Kernel GPU_time(ms) TransferIn(ms) TransferOut(ms) Speedup_noTrf Speedup
   69.811646     0     0.000000       0.000000        0.000000           inf     inf
   69.811646     1    10.928864       4.382720        7.095424          6.39    3.12
   69.811646     2     0.916032       7.261248        5.122528         76.21    5.25
   69.811646     3    53.066849       7.288000        1.636384          1.32    1.13
   69.811646     4   567.853333       7.276800        1.551584          0.12    0.12
   69.811646     5    10.448224       3.148384        1.604480          6.68    4.59
CPU_time(ms) Kernel GPU_time(ms) TransferIn(ms) TransferOut(ms) Speedup_noTrf Speedup
   68.886528     0     0.000000       0.000000        0.000000           inf     inf
   68.886528     1    10.930080       4.071424        6.480256          6.30    3.21
   68.886528     2     0.899072       3.097152        1.740960         76.62   12.01
   68.886528     3    53.041729       7.757184        1.643680          1.30    1.10
   68.886528     4   567.977966       3.289312        1.585344          0.12    0.12
   68.886528     5    10.448896       3.214048        1.942176          6.59    4.41
CPU_time(ms) Kernel GPU_time(ms) TransferIn(ms) TransferOut(ms) Speedup_noTrf Speedup
   72.667358     0     0.000000       0.000000        0.000000           inf     inf
   72.667358     1    10.930464       4.205152        7.166272          6.65    3.26
   72.667358     2     0.916192       7.297856        5.545952         79.31    5.28
   72.667358     3    53.028481       3.098336        1.548672          1.37    1.26
   72.667358     4   565.336487       7.271552        1.577248          0.13    0.13
   72.667358     5    10.448064       3.127008        1.937600          6.96    4.68
CPU_time(ms) Kernel GPU_time(ms) TransferIn(ms) TransferOut(ms) Speedup_noTrf Speedup
   69.274910     0     0.000000       0.000000        0.000000           inf     inf
   69.274910     1    10.930176       4.800512        8.002720          6.34    2.92
   69.274910     2     0.916928       7.723520        6.167936         75.55    4.68
   69.274910     3    53.013790       7.731872        1.779904          1.31    1.11
   69.274910     4   587.565674       7.744096        1.681696          0.12    0.12
   69.274910     5    10.446624       3.165856        1.980896          6.63    4.44
CPU_time(ms) Kernel GPU_time(ms) TransferIn(ms) TransferOut(ms) Speedup_noTrf Speedup
   73.203743     0     0.000000       0.000000        0.000000           inf     inf
   73.203743     1    10.940320       8.505344        7.388224          6.69    2.73
   73.203743     2     0.917056       7.262560        5.026848         79.82    5.54
   73.203743     3    52.994270       7.263552        1.660640          1.38    1.18
   73.203743     4   605.825012       3.574048        1.607488          0.12    0.12
   73.203743     5    10.464064       7.786336        5.435488          7.00    3.09
CPU_time(ms) Kernel GPU_time(ms) TransferIn(ms) TransferOut(ms) Speedup_noTrf Speedup
   67.455040     0     0.000000       0.000000        0.000000           inf     inf
   67.455040     1    10.936384       9.590272        7.699328          6.17    2.39
   67.455040     2     0.916672       7.293280        4.981952         73.59    5.11
   67.455040     3    53.048096       3.186464        1.586080          1.27    1.17
   67.455040     4   589.250305       3.222656        1.522624          0.11    0.11
   67.455040     5    10.449952       3.189568        1.663616          6.46    4.41
CPU_time(ms) Kernel GPU_time(ms) TransferIn(ms) TransferOut(ms) Speedup_noTrf Speedup
   66.156548     0     0.000000       0.000000        0.000000           inf     inf
   66.156548     1    10.931520       4.727840        8.189632          6.05    2.77
   66.156548     2     0.901120       3.182400        2.168192         73.42   10.58
   66.156548     3    53.055519       7.305088        1.696224          1.25    1.07
   66.156548     4   561.087402       3.148704        1.641632          0.12    0.12
   66.156548     5    10.464928       7.287456        5.558848          6.32    2.84
CPU_time(ms) Kernel GPU_time(ms) TransferIn(ms) TransferOut(ms) Speedup_noTrf Speedup
   66.068130     0     0.000000       0.000000        0.000000           inf     inf
   66.068130     1    10.947904       9.105408        8.015040          6.03    2.35
   66.068130     2     0.897856       3.125152        1.641440         73.58   11.66
   66.068130     3    53.060928       3.708768        1.662080          1.25    1.13
   66.068130     4   566.151245       3.244096        1.590400          0.12    0.12
   66.068130     5    10.464192       7.441920        5.583840          6.31    2.81
CPU_time(ms) Kernel GPU_time(ms) TransferIn(ms) TransferOut(ms) Speedup_noTrf Speedup
   68.007263     0     0.000000       0.000000        0.000000           inf     inf
   68.007263     1    10.939936       4.637088        7.620416          6.22    2.93
   68.007263     2     0.915424       7.748032        5.465152         74.29    4.81
   68.007263     3    53.062271       7.736928        1.675680          1.28    1.09
   68.007263     4   591.000427       3.214496        1.594944          0.12    0.11
   68.007263     5    10.447200       3.617280        1.615040          6.51    4.34
CPU_time(ms) Kernel GPU_time(ms) TransferIn(ms) TransferOut(ms) Speedup_noTrf Speedup
   69.958496     0     0.000000       0.000000        0.000000           inf     inf
   69.958496     1    10.939104       4.724480        7.542400          6.40    3.01
   69.958496     2     0.899936       3.170880        1.839456         77.74   11.84
   69.958496     3    53.027039       3.207744        1.517216          1.32    1.21
   69.958496     4   595.676636       3.164160        1.580928          0.12    0.12
   69.958496     5    10.465760       7.316448        5.008992          6.68    3.07
CPU_time(ms) Kernel GPU_time(ms) TransferIn(ms) TransferOut(ms) Speedup_noTrf Speedup
   68.702179     0     0.000000       0.000000        0.000000           inf     inf
   68.702179     1    10.934656       4.424224        7.539744          6.28    3.00
   68.702179     2     0.913408       7.510016        5.979776         75.22    4.77
   68.702179     3    52.996098       3.234208        1.634560          1.30    1.19
   68.702179     4   560.186096       7.526432        1.654272          0.12    0.12
   68.702179     5    10.462016       7.238432        5.646016          6.57    2.94
CPU_time(ms) Kernel GPU_time(ms) TransferIn(ms) TransferOut(ms) Speedup_noTrf Speedup
   70.527679     0     0.000000       0.000000        0.000000           inf     inf
   70.527679     1    10.932544       3.755648        5.538528          6.45    3.49
   70.527679     2     0.900672       3.149792        1.863296         78.31   11.93
   70.527679     3    53.017666       3.121664        1.593312          1.33    1.22
   70.527679     4   563.484680       3.126272        1.582496          0.13    0.12
   70.527679     5    10.447680       3.107168        1.731328          6.75    4.61
CPU_time(ms) Kernel GPU_time(ms) TransferIn(ms) TransferOut(ms) Speedup_noTrf Speedup
   70.405533     0     0.000000       0.000000        0.000000           inf     inf
   70.405533     1    10.935296       4.098144        6.140896          6.44    3.33
   70.405533     2     0.916992       7.357088        4.997920         76.78    5.30
   70.405533     3    53.026718       7.296992        1.630304          1.33    1.14
   70.405533     4   587.290833       3.152544        1.570848          0.12    0.12
   70.405533     5    10.448896       3.181600        1.936224          6.74    4.52
CPU_time(ms) Kernel GPU_time(ms) TransferIn(ms) TransferOut(ms) Speedup_noTrf Speedup
   69.810173     0     0.000000       0.000000        0.000000           inf     inf
   69.810173     1    10.938528       4.060448        6.890592          6.38    3.19
   69.810173     2     0.899552       3.118688        1.843520         77.61   11.91
   69.810173     3    53.059586       7.295456        1.768608          1.32    1.12
   69.810173     4   608.062256       7.261664        1.588384          0.11    0.11
   69.810173     5    10.464544       7.457440        5.706656          6.67    2.95
CPU_time(ms) Kernel GPU_time(ms) TransferIn(ms) TransferOut(ms) Speedup_noTrf Speedup
   71.878304     0     0.000000       0.000000        0.000000           inf     inf
   71.878304     1    10.946656       9.207520        7.646304          6.57    2.59
   71.878304     2     0.899072       3.134304        1.678336         79.95   12.58
   71.878304     3    53.063679       3.635424        1.628448          1.35    1.23
   71.878304     4   606.136475       3.182496        1.548096          0.12    0.12
   71.878304     5    10.450528       3.159104        1.842400          6.88    4.65
CPU_time(ms) Kernel GPU_time(ms) TransferIn(ms) TransferOut(ms) Speedup_noTrf Speedup
   70.146049     0     0.000000       0.000000        0.000000           inf     inf
   70.146049     1    10.936992       4.386624        6.538784          6.41    3.21
   70.146049     2     0.917056       7.541824        5.169312         76.49    5.15
   70.146049     3    53.057182       3.143424        1.604896          1.32    1.21
   70.146049     4   562.509583       3.180704        1.610880          0.12    0.12
   70.146049     5    10.464480       7.533664        5.200768          6.70    3.02
CPU_time(ms) Kernel GPU_time(ms) TransferIn(ms) TransferOut(ms) Speedup_noTrf Speedup
   75.544350     0     0.000000       0.000000        0.000000           inf     inf
   75.544350     1    10.939072       4.767424        8.356608          6.91    3.14
   75.544350     2     0.899072       3.150624        1.804544         84.02   12.90
   75.544350     3    53.047520       3.196320        1.571488          1.42    1.31
   75.544350     4   587.273743       3.574688        1.663072          0.13    0.13
   75.544350     5    10.465024       7.535200        5.835936          7.22    3.17
CPU_time(ms) Kernel GPU_time(ms) TransferIn(ms) TransferOut(ms) Speedup_noTrf Speedup
   67.639229     0     0.000000       0.000000        0.000000           inf     inf
   67.639229     1    10.936352       4.239072        6.986080          6.18    3.05
   67.639229     2     0.900000       3.130336        1.699040         75.15   11.81
   67.639229     3    53.094398       7.306624        1.713024          1.27    1.09
   67.639229     4   602.150940       3.111264        1.635968          0.11    0.11
   67.639229     5    10.446848       3.098432        1.642624          6.47    4.45
CPU_time(ms) Kernel GPU_time(ms) TransferIn(ms) TransferOut(ms) Speedup_noTrf Speedup
   69.362976     0     0.000000       0.000000        0.000000           inf     inf
   69.362976     1    11.028480       4.112512        6.194080          6.29    3.25
   69.362976     2     0.921600       7.264128        5.157024         75.26    5.20
   69.362976     3    53.491550       3.130176        1.552448          1.30    1.19
   69.362976     4   572.843689       3.116736        1.611904          0.12    0.12
   69.362976     5    10.460896       3.099296        1.604000          6.63    4.57
CPU_time(ms) Kernel GPU_time(ms) TransferIn(ms) TransferOut(ms) Speedup_noTrf Speedup
   68.911552     0     0.000000       0.000000        0.000000           inf     inf
   68.911552     1    11.029280       4.382656        7.114240          6.25    3.06
   68.911552     2     0.924224       7.288032        4.992384         74.56    5.22
   68.911552     3    53.456512       3.227968        1.515936          1.29    1.18
   68.911552     4   565.651245       3.163744        1.523488          0.12    0.12
   68.911552     5    10.461184       3.192160        1.606656          6.59    4.52
CPU_time(ms) Kernel GPU_time(ms) TransferIn(ms) TransferOut(ms) Speedup_noTrf Speedup
   70.857086     0     0.000000       0.000000        0.000000           inf     inf
   70.857086     1    11.034912       8.925440        7.452576          6.42    2.58
   70.857086     2     0.906112       3.162976        1.945504         78.20   11.78
   70.857086     3    53.503967       7.745504        1.671296          1.32    1.13
   70.857086     4   570.687622       7.757024        1.562240          0.12    0.12
   70.857086     5    10.496224       8.095296        5.480416          6.75    2.94
CPU_time(ms) Kernel GPU_time(ms) TransferIn(ms) TransferOut(ms) Speedup_noTrf Speedup
   69.318657     0     0.000000       0.000000        0.000000           inf     inf
   69.318657     1    11.030208       3.861248        5.605440          6.28    3.38
   69.318657     2     0.922336       7.574816        5.181728         75.16    5.07
   69.318657     3    53.506145       3.181760        1.600128          1.30    1.19
   69.318657     4   615.126953       3.101568        1.568480          0.11    0.11
   69.318657     5    10.461152       3.101312        1.616128          6.63    4.57
CPU_time(ms) Kernel GPU_time(ms) TransferIn(ms) TransferOut(ms) Speedup_noTrf Speedup
   68.552704     0     0.000000       0.000000        0.000000           inf     inf
   68.552704     1    11.032320       4.265792        7.448000          6.21    3.01
   68.552704     2     0.923648       7.617824        5.469984         74.22    4.89
   68.552704     3    53.535679       7.474592        1.694240          1.28    1.09
   68.552704     4   591.781860       3.197856        1.607648          0.12    0.11
   68.552704     5    10.463232       3.147296        1.942624          6.55    4.41
CPU_time(ms) Kernel GPU_time(ms) TransferIn(ms) TransferOut(ms) Speedup_noTrf Speedup
   68.176834     0     0.000000       0.000000        0.000000           inf     inf
   68.176834     1    11.028192       3.932192        6.058720          6.18    3.24
   68.176834     2     0.906176       3.150272        1.631552         75.24   11.99
   68.176834     3    53.504002       3.165472        1.602048          1.27    1.17
   68.176834     4   570.266846       7.256544        1.603104          0.12    0.12
   68.176834     5    10.480896       7.262624        5.004800          6.50    3.00
CPU_time(ms) Kernel GPU_time(ms) TransferIn(ms) TransferOut(ms) Speedup_noTrf Speedup
   68.790527     0     0.000000       0.000000        0.000000           inf     inf
   68.790527     1    11.030528       4.049408        6.187616          6.24    3.23
   68.790527     2     0.906464       3.110336        1.555808         75.89   12.34
   68.790527     3    53.467167       3.092096        1.581536          1.29    1.18
   68.790527     4   570.085449       3.614528        1.585696          0.12    0.12
   68.790527     5    10.459776       3.136896        1.615968          6.58    4.52
CPU_time(ms) Kernel GPU_time(ms) TransferIn(ms) TransferOut(ms) Speedup_noTrf Speedup
   68.202141     0     0.000000       0.000000        0.000000           inf     inf
   68.202141     1    11.028480       4.383072        7.193952          6.18    3.02
   68.202141     2     0.906944       3.199648        1.964256         75.20   11.23
   68.202141     3    53.483521       3.269760        1.597728          1.28    1.17
   68.202141     4   569.839600       7.334144        1.594496          0.12    0.12
   68.202141     5    10.463072       3.135424        1.831808          6.52    4.42
CPU_time(ms) Kernel GPU_time(ms) TransferIn(ms) TransferOut(ms) Speedup_noTrf Speedup
   73.535484     0     0.000000       0.000000        0.000000           inf     inf
   73.535484     1    11.031680       4.154976        7.666432          6.67    3.22
   73.535484     2     0.907264       3.143968        2.048096         81.05   12.06
   73.535484     3    53.463039       4.061696        1.681984          1.38    1.24
   73.535484     4   572.797363       3.109728        1.609664          0.13    0.13
   73.535484     5    10.463008       3.152864        1.655904          7.03    4.82
CPU_time(ms) Kernel GPU_time(ms) TransferIn(ms) TransferOut(ms) Speedup_noTrf Speedup
   70.131584     0     0.000000       0.000000        0.000000           inf     inf
   70.131584     1    11.029056       4.294592        7.042336          6.36    3.14
   70.131584     2     0.905856       3.122560        1.765024         77.42   12.11
   70.131584     3    53.495998       3.112832        1.634688          1.31    1.20
   70.131584     4   565.284973       3.155360        1.574272          0.12    0.12
   70.131584     5    10.460160       3.137952        1.544096          6.70    4.63
CPU_time(ms) Kernel GPU_time(ms) TransferIn(ms) TransferOut(ms) Speedup_noTrf Speedup
   67.063805     0     0.000000       0.000000        0.000000           inf     inf
   67.063805     1    11.025856       4.027488        6.129184          6.08    3.17
   67.063805     2     0.905408       3.088704        1.647040         74.07   11.89
   67.063805     3    53.472767       3.152704        1.529664          1.25    1.15
   67.063805     4   564.088196       7.307488        1.598560          0.12    0.12
   67.063805     5    10.479072       7.023264        4.845088          6.40    3.00
CPU_time(ms) Kernel GPU_time(ms) TransferIn(ms) TransferOut(ms) Speedup_noTrf Speedup
   67.036285     0     0.000000       0.000000        0.000000           inf     inf
   67.036285     1    11.032544       4.513568        7.854400          6.08    2.86
   67.036285     2     0.906976       3.111680        1.640032         73.91   11.85
   67.036285     3    53.431934       3.137312        1.542432          1.25    1.15
   67.036285     4   571.949707       3.095808        1.601376          0.12    0.12
   67.036285     5    10.481056       7.202208        4.823296          6.40    2.98
CPU_time(ms) Kernel GPU_time(ms) TransferIn(ms) TransferOut(ms) Speedup_noTrf Speedup
   65.212479     0     0.000000       0.000000        0.000000           inf     inf
   65.212479     1    11.032576       4.559840        7.904352          5.91    2.78
   65.212479     2     0.906688       3.868960        1.600992         71.92   10.23
   65.212479     3    53.553375       3.138112        1.636512          1.22    1.12
   65.212479     4   572.845459       3.153664        1.548480          0.11    0.11
   65.212479     5    10.477952       7.290496        5.054272          6.22    2.86
CPU_time(ms) Kernel GPU_time(ms) TransferIn(ms) TransferOut(ms) Speedup_noTrf Speedup
   72.034180     0     0.000000       0.000000        0.000000           inf     inf
   72.034180     1    11.028640       4.089152        6.586688          6.53    3.32
   72.034180     2     0.907168       3.136448        1.856640         79.41   12.21
   72.034180     3    53.532608       3.159744        1.557504          1.35    1.24
   72.034180     4   565.818115       3.170304        1.555136          0.13    0.13
   72.034180     5    10.462944       3.141344        1.639424          6.88    4.73
CPU_time(ms) Kernel GPU_time(ms) TransferIn(ms) TransferOut(ms) Speedup_noTrf Speedup
   66.037758     0     0.000000       0.000000        0.000000           inf     inf
   66.037758     1    11.032192       4.024224        6.138624          5.99    3.12
   66.037758     2     0.922752       7.245760        5.042048         71.57    5.00
   66.037758     3    53.487679       7.276704        1.627360          1.23    1.06
   66.037758     4   565.185120       3.091904        1.544384          0.12    0.12
   66.037758     5    10.460576       3.224800        1.683776          6.31    4.30
CPU_time(ms) Kernel GPU_time(ms) TransferIn(ms) TransferOut(ms) Speedup_noTrf Speedup
   68.764381     0     0.000000       0.000000        0.000000           inf     inf
   68.764381     1    11.036320      10.211616        7.899392          6.23    2.36
   68.764381     2     0.921056       7.759840        5.476544         74.66    4.86
   68.764381     3    53.504513       3.133600        1.597760          1.29    1.18
   68.764381     4   569.922180       3.093248        1.601952          0.12    0.12
   68.764381     5    10.461184       3.125984        1.573760          6.57    4.54
CPU_time(ms) Kernel GPU_time(ms) TransferIn(ms) TransferOut(ms) Speedup_noTrf Speedup
   69.484543     0     0.000000       0.000000        0.000000           inf     inf
   69.484543     1    11.041440       9.964192        7.794112          6.29    2.41
   69.484543     2     0.906560       3.141920        1.715040         76.65   12.06
   69.484543     3    53.491360       3.185568        1.520544          1.30    1.19
   69.484543     4   590.368530       7.540000        1.600736          0.12    0.12
   69.484543     5    10.461184       3.178464        1.584864          6.64    4.56
CPU_time(ms) Kernel GPU_time(ms) TransferIn(ms) TransferOut(ms) Speedup_noTrf Speedup
   66.226685     0     0.000000       0.000000        0.000000           inf     inf
   66.226685     1    11.030528       3.872672        5.970208          6.00    3.17
   66.226685     2     0.906912       3.141952        1.622496         73.02   11.68
   66.226685     3    53.523327       7.708832        1.687616          1.24    1.05
   66.226685     4   572.499939       3.164800        1.630240          0.12    0.11
   66.226685     5    10.459136       3.121280        1.886912          6.33    4.28
CPU_time(ms) Kernel GPU_time(ms) TransferIn(ms) TransferOut(ms) Speedup_noTrf Speedup
   68.151680     0     0.000000       0.000000        0.000000           inf     inf
   68.151680     1    11.043808       8.955520        7.520800          6.17    2.48
   68.151680     2     0.924480       8.102368        5.604608         73.72    4.66
   68.151680     3    53.508095       8.422688        1.634592          1.27    1.07
   68.151680     4   572.401733       3.153472        1.616928          0.12    0.12
   68.151680     5    10.477568       8.099904        5.245632          6.50    2.86
CPU_time(ms) Kernel GPU_time(ms) TransferIn(ms) TransferOut(ms) Speedup_noTrf Speedup
   70.295555     0     0.000000       0.000000        0.000000           inf     inf
   70.295555     1    11.106304       4.025408        6.680256          6.33    3.22
   70.295555     2     0.913408       3.162848        1.640064         76.96   12.30
   70.295555     3    53.899265       7.299328        1.675968          1.30    1.12
   70.295555     4   575.806396       3.147680        1.634336          0.12    0.12
   70.295555     5    10.475488       3.145376        1.839392          6.71    4.55
CPU_time(ms) Kernel GPU_time(ms) TransferIn(ms) TransferOut(ms) Speedup_noTrf Speedup
   66.624290     0     0.000000       0.000000        0.000000           inf     inf
   66.624290     1    11.125088      11.555584        8.296128          5.99    2.15
   66.624290     2     0.913408       3.154752        1.611456         72.94   11.73
   66.624290     3    53.919106       3.101056        1.587424          1.24    1.14
   66.624290     4   605.128906       3.170304        1.515360          0.11    0.11
   66.624290     5    10.473440       3.082592        1.629632          6.36    4.39
CPU_time(ms) Kernel GPU_time(ms) TransferIn(ms) TransferOut(ms) Speedup_noTrf Speedup
   72.405731     0     0.000000       0.000000        0.000000           inf     inf
   72.405731     1    11.110496       4.114432        6.552896          6.52    3.32
   72.405731     2     0.932192       8.006464        5.453600         77.67    5.03
   72.405731     3    54.045727       3.145696        1.617728          1.34    1.23
   72.405731     4   568.661011       3.180960        1.567744          0.13    0.13
   72.405731     5    10.475264       3.180576        1.938624          6.91    4.64
CPU_time(ms) Kernel GPU_time(ms) TransferIn(ms) TransferOut(ms) Speedup_noTrf Speedup
   68.119392     0     0.000000       0.000000        0.000000           inf     inf
   68.119392     1    11.110304       3.917056        6.448576          6.13    3.17
   68.119392     2     0.923648       3.144256        1.879648         73.75   11.45
   68.119392     3    53.925022       3.149120        1.676320          1.26    1.16
   68.119392     4   581.257507       3.106176        1.707680          0.12    0.12
   68.119392     5    10.489888       7.822336        5.353184          6.49    2.88
CPU_time(ms) Kernel GPU_time(ms) TransferIn(ms) TransferOut(ms) Speedup_noTrf Speedup
   68.175873     0     0.000000       0.000000        0.000000           inf     inf
   68.175873     1    11.117536       9.813312        8.180704          6.13    2.34
   68.175873     2     0.930400       7.769888        6.101344         73.28    4.61
   68.175873     3    53.880638       7.753888        1.762048          1.27    1.08
   68.175873     4   573.714172       3.742752        1.652704          0.12    0.12
   68.175873     5    10.491968       7.278400        5.287104          6.50    2.96
CPU_time(ms) Kernel GPU_time(ms) TransferIn(ms) TransferOut(ms) Speedup_noTrf Speedup
   66.372482     0     0.000000       0.000000        0.000000           inf     inf
   66.372482     1    11.114560       8.484224        7.370784          5.97    2.46
   66.372482     2     0.912864       3.151328        1.596448         72.71   11.73
   66.372482     3    53.915775       7.538400        1.645920          1.23    1.05
   66.372482     4   599.020752       3.139264        1.581664          0.11    0.11
   66.372482     5    10.475808       3.124288        1.729472          6.34    4.33
CPU_time(ms) Kernel GPU_time(ms) TransferIn(ms) TransferOut(ms) Speedup_noTrf Speedup
   69.374046     0     0.000000       0.000000        0.000000           inf     inf
   69.374046     1    11.107264       4.005696        6.301344          6.25    3.24
   69.374046     2     0.914784       3.136448        1.860032         75.84   11.74
   69.374046     3    53.880287       3.167456        1.536512          1.29    1.18
   69.374046     4   570.765259       3.123968        1.516320          0.12    0.12
   69.374046     5    10.476768       3.138528        1.586240          6.62    4.56
CPU_time(ms) Kernel GPU_time(ms) TransferIn(ms) TransferOut(ms) Speedup_noTrf Speedup
   76.717758     0     0.000000       0.000000        0.000000           inf     inf
   76.717758     1    11.106048       3.926016        6.380544          6.91    3.58
   76.717758     2     0.913376       3.163680        1.994752         83.99   12.64
   76.717758     3    53.942337       3.188960        1.583168          1.42    1.31
   76.717758     4   577.362000       3.146400        1.606336          0.13    0.13
   76.717758     5    10.475360       3.174784        1.848576          7.32    4.95
CPU_time(ms) Kernel GPU_time(ms) TransferIn(ms) TransferOut(ms) Speedup_noTrf Speedup
   69.119423     0     0.000000       0.000000        0.000000           inf     inf
   69.119423     1    11.112000       4.128416        6.556672          6.22    3.17
   69.119423     2     0.912128       3.101344        1.711520         75.78   12.07
   69.119423     3    53.907330       3.171232        1.546432          1.28    1.18
   69.119423     4   601.749512       3.149920        1.527392          0.11    0.11
   69.119423     5    10.475552       3.154944        1.680128          6.60    4.51
CPU_time(ms) Kernel GPU_time(ms) TransferIn(ms) TransferOut(ms) Speedup_noTrf Speedup
   72.579102     0     0.000000       0.000000        0.000000           inf     inf
   72.579102     1    11.101408       4.359264        6.793056          6.54    3.26
   72.579102     2     0.913408       3.138656        1.830432         79.46   12.34
   72.579102     3    53.919743       7.748160        1.663072          1.35    1.15
   72.579102     4   573.559998       4.088896        1.598016          0.13    0.13
   72.579102     5    10.475136       3.280384        2.042688          6.93    4.59
CPU_time(ms) Kernel GPU_time(ms) TransferIn(ms) TransferOut(ms) Speedup_noTrf Speedup
   68.099709     0     0.000000       0.000000        0.000000           inf     inf
   68.099709     1    11.115264       8.988128        7.975648          6.13    2.43
   68.099709     2     0.930624       7.773120        5.999392         73.18    4.63
   68.099709     3    53.878239       7.757888        1.749184          1.26    1.07
   68.099709     4   577.299011       3.109568        1.683584          0.12    0.12
   68.099709     5    10.476256       3.182464        2.118496          6.50    4.32
CPU_time(ms) Kernel GPU_time(ms) TransferIn(ms) TransferOut(ms) Speedup_noTrf Speedup
   68.663300     0     0.000000       0.000000        0.000000           inf     inf
   68.663300     1    11.108352       3.823616        5.765888          6.18    3.32
   68.663300     2     0.913792       3.121184        1.607584         75.14   12.17
   68.663300     3    53.891266       3.128960        1.590880          1.27    1.17
   68.663300     4   593.361572       3.107968        1.573280          0.12    0.11
   68.663300     5    10.475744       3.232256        1.520608          6.55    4.51
CPU_time(ms) Kernel GPU_time(ms) TransferIn(ms) TransferOut(ms) Speedup_noTrf Speedup
   71.893089     0     0.000000       0.000000        0.000000           inf     inf
   71.893089     1    11.110816       3.915776        5.811264          6.47    3.45
   71.893089     2     0.931584       7.271744        4.961984         77.17    5.46
   71.893089     3    53.945183       3.199040        1.592864          1.33    1.22
   71.893089     4   612.943787       3.194432        1.567808          0.12    0.12
   71.893089     5    10.475872       3.199072        1.686176          6.86    4.68
CPU_time(ms) Kernel GPU_time(ms) TransferIn(ms) TransferOut(ms) Speedup_noTrf Speedup
   68.793411     0     0.000000       0.000000        0.000000           inf     inf
   68.793411     1    11.112800       8.656448        7.317504          6.19    2.54
   68.793411     2     0.913184       3.143232        1.697440         75.33   11.96
   68.793411     3    53.970142       3.261536        1.563008          1.27    1.17
   68.793411     4   607.842285       3.153536        1.607264          0.11    0.11
   68.793411     5    10.471584       3.158432        1.805536          6.57    4.46
CPU_time(ms) Kernel GPU_time(ms) TransferIn(ms) TransferOut(ms) Speedup_noTrf Speedup
   66.126205     0     0.000000       0.000000        0.000000           inf     inf
   66.126205     1    11.110528       4.143104        7.323552          5.95    2.93
   66.126205     2     0.913088       3.160000        1.711296         72.42   11.43
   66.126205     3    53.911777       7.753536        1.736800          1.23    1.04
   66.126205     4   616.540039       7.756032        1.634624          0.11    0.11
   66.126205     5    10.474304       3.141568        1.721280          6.31    4.31
CPU_time(ms) Kernel GPU_time(ms) TransferIn(ms) TransferOut(ms) Speedup_noTrf Speedup
   67.960541     0     0.000000       0.000000        0.000000           inf     inf
   67.960541     1    11.116544       8.475552        7.760000          6.11    2.48
   67.960541     2     0.928096       7.758272        6.086784         73.23    4.60
   67.960541     3    54.001663       3.150464        1.680832          1.26    1.16
   67.960541     4   586.441833       3.135936        1.662624          0.12    0.11
   67.960541     5    10.475520       3.214816        2.105824          6.49    4.30
CPU_time(ms) Kernel GPU_time(ms) TransferIn(ms) TransferOut(ms) Speedup_noTrf Speedup
   68.458496     0     0.000000       0.000000        0.000000           inf     inf
   68.458496     1    11.114208       4.544672        8.091680          6.16    2.88
   68.458496     2     0.928864       7.252800        5.696032         73.70    4.93
   68.458496     3    53.859264       3.079616        1.640672          1.27    1.17
   68.458496     4   577.221191       3.112896        1.642496          0.12    0.12
   68.458496     5    10.475520       3.202592        1.992544          6.54    4.37
CPU_time(ms) Kernel GPU_time(ms) TransferIn(ms) TransferOut(ms) Speedup_noTrf Speedup
   75.725571     0     0.000000       0.000000        0.000000           inf     inf
   75.725571     1    11.118592      10.635264        7.927520          6.81    2.55
   75.725571     2     0.930080       7.298048        5.060448         81.42    5.70
   75.725571     3    53.911777       7.288608        1.632288          1.40    1.21
   75.725571     4   593.582275       3.136736        1.590976          0.13    0.13
   75.725571     5    10.475008       3.131872        1.742432          7.23    4.93
CPU_time(ms) Kernel GPU_time(ms) TransferIn(ms) TransferOut(ms) Speedup_noTrf Speedup
   69.113853     0     0.000000       0.000000        0.000000           inf     inf
   69.113853     1    11.120000      11.640832        8.942176          6.22    2.18
   69.113853     2     0.914592       3.133312        1.982272         75.57   11.46
   69.113853     3    53.938175       3.140480        1.561248          1.28    1.18
   69.113853     4   570.937683       3.137536        1.628544          0.12    0.12
   69.113853     5    10.475584       3.132224        1.905056          6.60    4.46
CPU_time(ms) Kernel GPU_time(ms) TransferIn(ms) TransferOut(ms) Speedup_noTrf Speedup
   67.236320     0     0.000000       0.000000        0.000000           inf     inf
   67.236320     1    11.108832       4.078304        6.716128          6.05    3.07
   67.236320     2     0.930016       7.728160        6.174848         72.30    4.53
   67.236320     3    53.954239       3.174272        1.668928          1.25    1.14
   67.236320     4   577.505371       3.131168        1.663552          0.12    0.12
   67.236320     5    10.490656       7.884448        6.163104          6.41    2.74
CPU_time(ms) Kernel GPU_time(ms) TransferIn(ms) TransferOut(ms) Speedup_noTrf Speedup
   68.305244     0     0.000000       0.000000        0.000000           inf     inf
   68.305244     1    11.118592      11.218976        8.611552          6.14    2.21
   68.305244     2     0.929344       7.745792        6.131040         73.50    4.61
   68.305244     3    53.916641       4.123104        1.679584          1.27    1.14
   68.305244     4   605.225403       7.526432        1.659104          0.11    0.11
   68.305244     5    10.473408       3.160352        1.662816          6.52    4.47
CPU_time(ms) Kernel GPU_time(ms) TransferIn(ms) TransferOut(ms) Speedup_noTrf Speedup
   77.787132     0     0.000000       0.000000        0.000000           inf     inf
   77.787132     1    11.110400       4.642816        7.538208          7.00    3.34
   77.787132     2     0.913408       3.119520        1.824096         85.16   13.28
   77.787132     3    53.854210       3.145120        1.652416          1.44    1.33
   77.787132     4   568.720032       3.128096        1.653632          0.14    0.14
   77.787132     5    10.491072       7.672992        5.558208          7.41    3.28
CPU_time(ms) Kernel GPU_time(ms) TransferIn(ms) TransferOut(ms) Speedup_noTrf Speedup
   68.793213     0     0.000000       0.000000        0.000000           inf     inf
   68.793213     1    11.130880       8.106304        7.082688          6.18    2.61
   68.793213     2     0.931840       7.312224        5.065632         73.83    5.17
   68.793213     3    53.898464       7.291072        1.623424          1.28    1.10
   68.793213     4   615.190552       3.143008        1.504864          0.11    0.11
   68.793213     5    10.473440       3.699232        1.604160          6.57    4.36
CPU_time(ms) Kernel GPU_time(ms) TransferIn(ms) TransferOut(ms) Speedup_noTrf Speedup
   66.273949     0     0.000000       0.000000        0.000000           inf     inf
   66.273949     1    11.116544       9.884288        8.337216          5.96    2.26
   66.273949     2     0.912128       3.121312        1.839808         72.66   11.28
   66.273949     3    53.903358       3.191040        1.668896          1.23    1.13
   66.273949     4   572.002319       7.546112        1.648544          0.12    0.11
   66.273949     5    10.475072       3.171264        1.696160          6.33    4.32
CPU_time(ms) Kernel GPU_time(ms) TransferIn(ms) TransferOut(ms) Speedup_noTrf Speedup
   67.211266     0     0.000000       0.000000        0.000000           inf     inf
   67.211266     1    11.122432       9.764960        8.207040          6.04    2.31
   67.211266     2     0.929792       7.266176        5.701440         72.29    4.84
   67.211266     3    53.919712       7.249152        1.704960          1.25    1.07
   67.211266     4   605.591919       3.139712        1.647168          0.11    0.11
   67.211266     5    10.475712       3.178848        1.641792          6.42    4.39
CPU_time(ms) Kernel GPU_time(ms) TransferIn(ms) TransferOut(ms) Speedup_noTrf Speedup
   73.559906     0     0.000000       0.000000        0.000000           inf     inf
   73.559906     1    11.128800      12.554496        9.073728          6.61    2.25
   73.559906     2     1.149024       4.359392        1.619232         64.02   10.32
   73.559906     3    69.335968       3.165088        1.566976          1.06    0.99
   73.559906     4   626.016235       3.141568        1.588320          0.12    0.12
   73.559906     5    10.473472       3.107872        1.779840          7.02    4.79
CPU_time(ms) Kernel GPU_time(ms) TransferIn(ms) TransferOut(ms) Speedup_noTrf Speedup
   68.552704     0     0.000000       0.000000        0.000000           inf     inf
   68.552704     1    11.114496       4.282304        6.697184          6.17    3.10
   68.552704     2     0.913664       3.088384        1.728320         75.03   11.96
   68.552704     3    53.906239       7.281056        1.626560          1.27    1.09
   68.552704     4   601.115845       3.148320        1.596736          0.11    0.11
   68.552704     5    10.472192       3.090688        1.752096          6.55    4.48
CPU_time(ms) Kernel GPU_time(ms) TransferIn(ms) TransferOut(ms) Speedup_noTrf Speedup
   72.153442     0     0.000000       0.000000        0.000000           inf     inf
   72.153442     1    11.110016       4.376384        7.421632          6.49    3.15
   72.153442     2     0.911360       3.114912        1.758464         79.17   12.47
   72.153442     3    53.900448       7.384640        1.682336          1.34    1.15
   72.153442     4   589.649902       7.314944        1.653344          0.12    0.12
   72.153442     5    10.474176       3.097600        1.886944          6.89    4.67
CPU_time(ms) Kernel GPU_time(ms) TransferIn(ms) TransferOut(ms) Speedup_noTrf Speedup
   67.014656     0     0.000000       0.000000        0.000000           inf     inf
   67.014656     1    11.119968       8.879360        7.359776          6.03    2.45
   67.014656     2     0.927744       7.344192        5.020544         72.23    5.04
   67.014656     3    53.926369       3.155936        1.603424          1.24    1.14
   67.014656     4   615.554993       7.327136        1.591040          0.11    0.11
   67.014656     5    10.470400       4.184160        1.594208          6.40    4.12
CPU_time(ms) Kernel GPU_time(ms) TransferIn(ms) TransferOut(ms) Speedup_noTrf Speedup
   70.998116     0     0.000000       0.000000        0.000000           inf     inf
   70.998116     1    11.114496       4.097312        6.302944          6.39    3.30
   70.998116     2     0.913408       3.121312        1.710560         77.73   12.36
   70.998116     3    53.919743       7.279168        1.636544          1.32    1.13
   70.998116     4   595.821106       3.125056        1.580800          0.12    0.12
   70.998116     5    10.473984       3.122752        1.690240          6.78    4.64
CPU_time(ms) Kernel GPU_time(ms) TransferIn(ms) TransferOut(ms) Speedup_noTrf Speedup
   74.240288     0     0.000000       0.000000        0.000000           inf     inf
   74.240288     1    11.114496       4.343968        6.927680          6.68    3.32
   74.240288     2     0.911904       3.106496        1.706880         81.41   12.97
   74.240288     3    53.898018       3.130976        1.614560          1.38    1.27
   74.240288     4   576.512634       3.136128        1.548160          0.13    0.13
   74.240288     5    10.475520       3.152448        1.746592          7.09    4.83
CPU_time(ms) Kernel GPU_time(ms) TransferIn(ms) TransferOut(ms) Speedup_noTrf Speedup
   69.150719     0     0.000000       0.000000        0.000000           inf     inf
   69.150719     1    11.111872       4.108608        6.873248          6.22    3.13
   69.150719     2     0.913440       3.090048        1.846976         75.70   11.82
   69.150719     3    53.891071       3.144256        1.636448          1.28    1.18
   69.150719     4   597.874023       3.176640        1.623328          0.12    0.11
   69.150719     5    10.475008       3.206976        1.880000          6.60    4.44
CPU_time(ms) Kernel GPU_time(ms) TransferIn(ms) TransferOut(ms) Speedup_noTrf Speedup
   68.901566     0     0.000000       0.000000        0.000000           inf     inf
   68.901566     1    11.110240       3.949024        6.364928          6.20    3.22
   68.901566     2     0.914464       3.158784        2.105120         75.35   11.15
   68.901566     3    53.901215       7.754464        1.751264          1.28    1.09
   68.901566     4   573.927856       3.140864        1.669696          0.12    0.12
   68.901566     5    10.472416       3.200800        1.742976          6.58    4.47
CPU_time(ms) Kernel GPU_time(ms) TransferIn(ms) TransferOut(ms) Speedup_noTrf Speedup
   68.577278     0     0.000000       0.000000        0.000000           inf     inf
   68.577278     1    11.122688      10.888480        7.910496          6.17    2.29
   68.577278     2     0.928640       7.560992        5.190336         73.85    5.01
   68.577278     3    53.952511       7.537856        1.640608          1.27    1.09
   68.577278     4   576.520203       3.103360        1.598144          0.12    0.12
   68.577278     5    10.473440       3.163840        1.634688          6.55    4.49
CPU_time(ms) Kernel GPU_time(ms) TransferIn(ms) TransferOut(ms) Speedup_noTrf Speedup
   67.856514     0     0.000000       0.000000        0.000000           inf     inf
   67.856514     1    11.122688      11.117440        8.051936          6.10    2.24
   67.856514     2     0.913472       3.127712        1.612928         74.28   12.00
   67.856514     3    53.928543       3.190752        1.555232          1.26    1.16
   67.856514     4   590.295288       3.120096        1.565248          0.11    0.11
   67.856514     5    10.494368       6.941984        4.556576          6.47    3.09
CPU_time(ms) Kernel GPU_time(ms) TransferIn(ms) TransferOut(ms) Speedup_noTrf Speedup
   68.837379     0     0.000000       0.000000        0.000000           inf     inf
   68.837379     1    11.113472       4.117152        6.425120          6.19    3.18
   68.837379     2     0.913312       3.158496        1.628256         75.37   12.08
   68.837379     3    53.910881       3.178240        1.562624          1.28    1.17
   68.837379     4   608.291687       7.285376        1.532896          0.11    0.11
   68.837379     5    10.488256       6.977696        4.845504          6.56    3.09
CPU_time(ms) Kernel GPU_time(ms) TransferIn(ms) TransferOut(ms) Speedup_noTrf Speedup
   69.101570     0     0.000000       0.000000        0.000000           inf     inf
   69.101570     1    11.111840       4.493536        7.648320          6.22    2.97
   69.101570     2     0.912352       3.178048        1.848096         75.74   11.64
   69.101570     3    53.923840       3.167072        1.552064          1.28    1.18
   69.101570     4   569.181030       7.287008        1.527392          0.12    0.12
   69.101570     5    10.472480       3.129600        1.779904          6.60    4.49
CPU_time(ms) Kernel GPU_time(ms) TransferIn(ms) TransferOut(ms) Speedup_noTrf Speedup
   67.197983     0     0.000000       0.000000        0.000000           inf     inf
   67.197983     1    11.110528       4.778560        8.036160          6.05    2.81
   67.197983     2     0.931520       7.514048        5.270464         72.14    4.90
   67.197983     3    53.878849       3.177216        1.621408          1.25    1.15
   67.197983     4   611.792908       7.520064        1.619936          0.11    0.11
   67.197983     5    10.477440       3.158912        1.706208          6.41    4.38
CPU_time(ms) Kernel GPU_time(ms) TransferIn(ms) TransferOut(ms) Speedup_noTrf Speedup
   69.071075     0     0.000000       0.000000        0.000000           inf     inf
   69.071075     1    14.247872      11.218400        7.681184          4.85    2.08
   69.071075     2     1.154912       3.614560        2.603456         59.81    9.37
   69.071075     3    69.251549       4.129888        1.605600          1.00    0.92
   69.071075     4   626.544983       3.415040        1.599008          0.11    0.11
   69.071075     5    10.496000       7.711840        5.346048          6.58    2.93
CPU_time(ms) Kernel GPU_time(ms) TransferIn(ms) TransferOut(ms) Speedup_noTrf Speedup
   68.900673     0     0.000000       0.000000        0.000000           inf     inf
   68.900673     1    11.113728       4.290176        7.304832          6.20    3.03
   68.900673     2     0.929792       7.285696        5.587296         74.10    4.99
   68.900673     3    53.898785       3.111584        1.637824          1.28    1.17
   68.900673     4   597.664185       3.171328        1.556192          0.12    0.11
   68.900673     5    10.473248       3.158784        1.736544          6.58    4.48
CPU_time(ms) Kernel GPU_time(ms) TransferIn(ms) TransferOut(ms) Speedup_noTrf Speedup
   70.139900     0     0.000000       0.000000        0.000000           inf     inf
   70.139900     1    11.116096       4.255264        7.291328          6.31    3.09
   70.139900     2     0.913504       3.144832        1.963328         76.78   11.65
   70.139900     3    53.850113       3.204832        1.657536          1.30    1.19
   70.139900     4   591.271118       3.134240        1.548160          0.12    0.12
   70.139900     5    10.479616       3.077664        1.707488          6.69    4.59
CPU_time(ms) Kernel GPU_time(ms) TransferIn(ms) TransferOut(ms) Speedup_noTrf Speedup
   68.028419     0     0.000000       0.000000        0.000000           inf     inf
   68.028419     1    11.114496       3.910816        6.002464          6.12    3.24
   68.028419     2     0.913408       3.115744        1.708000         74.48   11.86
   68.028419     3    53.898174       3.177120        1.526272          1.26    1.16
   68.028419     4   573.628113       3.135328        1.525792          0.12    0.12
   68.028419     5    10.474048       3.200448        1.575264          6.49    4.46
CPU_time(ms) Kernel GPU_time(ms) TransferIn(ms) TransferOut(ms) Speedup_noTrf Speedup
   67.455261     0     0.000000       0.000000        0.000000           inf     inf
   67.455261     1    11.114592       4.596480        7.930592          6.07    2.85
   67.455261     2     0.913280       3.116192        1.714880         73.86   11.74
   67.455261     3    53.917473       3.088800        1.601376          1.25    1.15
   67.455261     4   590.431213       3.153120        1.527840          0.11    0.11
   67.455261     5    10.493728       7.547360        5.300736          6.43    2.89
CPU_time(ms) Kernel GPU_time(ms) TransferIn(ms) TransferOut(ms) Speedup_noTrf Speedup
   66.272446     0     0.000000       0.000000        0.000000           inf     inf
   66.272446     1    11.112864       4.157440        6.608608          5.96    3.03
   66.272446     2     0.917312       3.466688        2.355296         72.25    9.83
   66.272446     3    53.857822       3.216032        1.618176          1.23    1.13
   66.272446     4   587.040771       3.167936        1.568064          0.11    0.11
   66.272446     5    10.493504       7.742080        5.478496          6.32    2.79
CPU_time(ms) Kernel GPU_time(ms) TransferIn(ms) TransferOut(ms) Speedup_noTrf Speedup
   67.116508     0     0.000000       0.000000        0.000000           inf     inf
   67.116508     1    11.118592       8.869440        7.447744          6.04    2.45
   67.116508     2     0.913792       3.191872        1.761120         73.45   11.44
   67.116508     3    53.930527       3.514720        1.622016          1.24    1.14
   67.116508     4   577.417236       3.959648        1.613824          0.12    0.12
   67.116508     5    10.473984       3.162272        1.771488          6.41    4.36
CPU_time(ms) Kernel GPU_time(ms) TransferIn(ms) TransferOut(ms) Speedup_noTrf Speedup
   68.316063     0     0.000000       0.000000        0.000000           inf     inf
   68.316063     1    11.109056       4.166048        6.524448          6.15    3.13
   68.316063     2     0.912064       3.152832        1.773504         74.90   11.70
   68.316063     3    53.925377       3.128256        1.592032          1.27    1.16
   68.316063     4   576.448792       3.125184        1.590336          0.12    0.12
   68.316063     5    10.476896       3.114304        1.705888          6.52    4.47
CPU_time(ms) Kernel GPU_time(ms) TransferIn(ms) TransferOut(ms) Speedup_noTrf Speedup
   69.891357     0     0.000000       0.000000        0.000000           inf     inf
   69.891357     1    11.112768       3.923104        5.880704          6.29    3.34
   69.891357     2     0.917280       3.278048        1.691680         76.19   11.87
   69.891357     3    53.904831       3.118816        1.585504          1.30    1.19
   69.891357     4   573.862244       3.111808        1.511392          0.12    0.12
   69.891357     5    10.473472       3.151360        1.760480          6.67    4.54
CPU_time(ms) Kernel GPU_time(ms) TransferIn(ms) TransferOut(ms) Speedup_noTrf Speedup
   71.474785     0     0.000000       0.000000        0.000000           inf     inf
   71.474785     1    11.113568       4.119968        6.696288          6.43    3.26
   71.474785     2     0.914688       3.176064        1.658144         78.14   12.43
   71.474785     3    53.923584       7.898176        1.631552          1.33    1.13
   71.474785     4   577.468933       3.209568        1.549408          0.12    0.12
   71.474785     5    10.493344       7.858624        5.466464          6.81    3.00
CPU_time(ms) Kernel GPU_time(ms) TransferIn(ms) TransferOut(ms) Speedup_noTrf Speedup
   68.578911     0     0.000000       0.000000        0.000000           inf     inf
   68.578911     1    11.105024       3.917824        5.991680          6.18    3.26
   68.578911     2     0.929792       7.300416        5.117504         73.76    5.14
   68.578911     3    53.878754       7.316288        1.660320          1.27    1.09
   68.578911     4   573.514771       3.267168        1.528384          0.12    0.12
   68.578911     5    10.475520       3.164032        1.751072          6.55    4.46
