CPU_time(ms) Kernel GPU_time(ms) TransferIn(ms) TransferOut(ms) Speedup_noTrf Speedup
   78.260193     0     0.000000       0.000000        0.000000           inf     inf
   78.260193     1     1.191520       4.268032        6.908608         65.68    6.33
   78.260193     2     0.747520       3.114208        1.727040        104.69   14.00
   78.260193     3     1.181472       3.167584        1.528224         66.24   13.32
   78.260193     4   358.733826       6.980032        1.586912          0.22    0.21
   78.260193     5     9.398272       3.102848        1.512800          8.33    5.58
CPU_time(ms) Kernel GPU_time(ms) TransferIn(ms) TransferOut(ms) Speedup_noTrf Speedup
   78.888542     0     0.000000       0.000000        0.000000           inf     inf
   78.888542     1     1.191360       4.142368        7.165888         66.22    6.31
   78.888542     2     0.763904       7.060672        5.478112        103.27    5.93
   78.888542     3     1.198176       7.293504        5.674528         65.84    5.57
   78.888542     4   358.804474       3.132000        1.662432          0.22    0.22
   78.888542     5     9.419232       3.130976        1.654368          8.38    5.55
CPU_time(ms) Kernel GPU_time(ms) TransferIn(ms) TransferOut(ms) Speedup_noTrf Speedup
   80.770973     0     0.000000       0.000000        0.000000           inf     inf
   80.770973     1     1.190464       3.842048        6.165280         67.85    7.21
   80.770973     2     0.749152       3.079776        1.770208        107.82   14.43
   80.770973     3     1.181408       3.093152        1.792192         68.37   13.31
   80.770973     4   358.694061       7.320480        1.632064          0.23    0.22
   80.770973     5     9.441216       7.308640        5.621088          8.56    3.61
CPU_time(ms) Kernel GPU_time(ms) TransferIn(ms) TransferOut(ms) Speedup_noTrf Speedup
   71.753731     0     0.000000       0.000000        0.000000           inf     inf
   71.753731     1     1.191584       4.089856        6.497632         60.22    6.09
   71.753731     2     0.749664       3.223456        1.688032         95.71   12.67
   71.753731     3     1.180640       3.113440        1.710944         60.78   11.95
   71.753731     4   358.649597       3.106880        1.675072          0.20    0.20
   71.753731     5     9.402112       3.147744        1.773600          7.63    5.01
CPU_time(ms) Kernel GPU_time(ms) TransferIn(ms) TransferOut(ms) Speedup_noTrf Speedup
   77.287422     0     0.000000       0.000000        0.000000           inf     inf
   77.287422     1     1.207968      10.720544       11.588416         63.98    3.29
   77.287422     2     0.754656       3.246112        1.888672        102.41   13.12
   77.287422     3     1.189696       3.114208        1.678752         64.96   12.92
   77.287422     4   361.355255       3.114880        1.654304          0.21    0.21
   77.287422     5     9.436608       7.760096        6.041600          8.19    3.33
CPU_time(ms) Kernel GPU_time(ms) TransferIn(ms) TransferOut(ms) Speedup_noTrf Speedup
   72.777374     0     0.000000       0.000000        0.000000           inf     inf
   72.777374     1     1.205600       8.873728        9.605568         60.37    3.70
   72.777374     2     0.769888       7.270080        5.035552         94.53    5.57
   72.777374     3     1.188544       3.126112        1.705856         61.23   12.09
   72.777374     4   361.288147       3.115968        1.595488          0.20    0.20
   72.777374     5     9.418912       3.120480        1.570720          7.73    5.16
CPU_time(ms) Kernel GPU_time(ms) TransferIn(ms) TransferOut(ms) Speedup_noTrf Speedup
   82.328865     0     0.000000       0.000000        0.000000           inf     inf
   82.328865     1     1.199008       4.055360        6.376448         68.66    7.08
   82.328865     2     0.768576       7.544864        5.191680        107.12    6.10
   82.328865     3     1.206240       7.536896        5.221984         68.25    5.90
   82.328865     4   361.484283       3.101312        1.606624          0.23    0.22
   82.328865     5     9.418752       3.109088        1.600960          8.74    5.83
CPU_time(ms) Kernel GPU_time(ms) TransferIn(ms) TransferOut(ms) Speedup_noTrf Speedup
   75.718239     0     0.000000       0.000000        0.000000           inf     inf
   75.718239     1     1.200064       3.913664        6.044544         63.10    6.79
   75.718239     2     0.752608       3.113248        1.694976        100.61   13.62
   75.718239     3     1.190144       3.120768        1.693504         63.62   12.61
   75.718239     4   361.132019       3.157920        1.592352          0.21    0.21
   75.718239     5     9.419776       3.144896        1.543264          8.04    5.37
CPU_time(ms) Kernel GPU_time(ms) TransferIn(ms) TransferOut(ms) Speedup_noTrf Speedup
   76.851196     0     0.000000       0.000000        0.000000           inf     inf
   76.851196     1     1.200128       4.044672        6.353568         64.04    6.63
   76.851196     2     0.753664       3.135168        1.632096        101.97   13.92
   76.851196     3     1.191392       3.160480        1.802848         64.51   12.49
   76.851196     4   361.201141       7.274144        1.606624          0.21    0.21
   76.851196     5     9.420256       3.133024        1.736704          8.16    5.38
CPU_time(ms) Kernel GPU_time(ms) TransferIn(ms) TransferOut(ms) Speedup_noTrf Speedup
   75.356064     0     0.000000       0.000000        0.000000           inf     inf
   75.356064     1     1.200128       4.132864        7.114400         62.79    6.05
   75.356064     2     0.752832       3.058592        1.788320        100.10   13.46
   75.356064     3     1.189888       3.094240        1.672832         63.33   12.65
   75.356064     4   361.232330       7.249728        1.647392          0.21    0.20
   75.356064     5     9.436064       7.269440        5.694240          7.99    3.36
CPU_time(ms) Kernel GPU_time(ms) TransferIn(ms) TransferOut(ms) Speedup_noTrf Speedup
   79.403008     0     0.000000       0.000000        0.000000           inf     inf
   79.403008     1     1.200128       4.050944        6.382752         66.16    6.83
   79.403008     2     0.770112       7.291040        4.927040        103.11    6.11
   79.403008     3     1.191808       3.179040        1.972096         66.62   12.52
   79.403008     4   361.202942       3.672640        1.589888          0.22    0.22
   79.403008     5     9.420448       3.120128        1.782048          8.43    5.54
CPU_time(ms) Kernel GPU_time(ms) TransferIn(ms) TransferOut(ms) Speedup_noTrf Speedup
   78.737953     0     0.000000       0.000000        0.000000           inf     inf
   78.737953     1     1.208096       3.895104        6.073024         65.18    7.05
   78.737953     2     0.758624       3.124640        1.622880        103.79   14.30
   78.737953     3     1.198592       3.151008        1.626976         65.69   13.17
   78.737953     4   363.620514       3.087680        1.581088          0.22    0.21
   78.737953     5     9.440576       3.128864        1.611296          8.34    5.55
CPU_time(ms) Kernel GPU_time(ms) TransferIn(ms) TransferOut(ms) Speedup_noTrf Speedup
   74.192993     0     0.000000       0.000000        0.000000           inf     inf
   74.192993     1     1.209440       3.936256        6.065824         61.34    6.62
   74.192993     2     0.759808       3.129152        1.835072         97.65   12.96
   74.192993     3     1.199360       3.110752        1.673376         61.86   12.40
   74.192993     4   363.646942       3.134752        1.508256          0.20    0.20
   74.192993     5     9.435488       4.085152        1.573760          7.86    4.92
CPU_time(ms) Kernel GPU_time(ms) TransferIn(ms) TransferOut(ms) Speedup_noTrf Speedup
   74.663933     0     0.000000       0.000000        0.000000           inf     inf
   74.663933     1     1.214464       8.433088        9.940672         61.48    3.81
   74.663933     2     0.776192       7.162976        5.653888         96.19    5.49
   74.663933     3     1.198560       3.090400        1.625440         62.29   12.62
   74.663933     4   363.593506       6.992448        1.637632          0.21    0.20
   74.663933     5     9.438880       3.169760        1.686432          7.91    5.22
CPU_time(ms) Kernel GPU_time(ms) TransferIn(ms) TransferOut(ms) Speedup_noTrf Speedup
   77.878403     0     0.000000       0.000000        0.000000           inf     inf
   77.878403     1     1.208640       4.094208        6.365024         64.43    6.67
   77.878403     2     0.774144       7.335808        5.071744        100.60    5.91
   77.878403     3     1.216512       7.446336        4.882240         64.02    5.75
   77.878403     4   363.673615       3.224384        1.522592          0.21    0.21
   77.878403     5     9.437408       4.541664        1.562272          8.25    5.01
CPU_time(ms) Kernel GPU_time(ms) TransferIn(ms) TransferOut(ms) Speedup_noTrf Speedup
   76.892509     0     0.000000       0.000000        0.000000           inf     inf
   76.892509     1     1.209632       4.790272        8.531264         63.57    5.29
   76.892509     2     0.759808       3.148960        2.031872        101.20   12.94
   76.892509     3     1.198080       3.136480        1.782432         64.18   12.57
   76.892509     4   363.700439       3.171200        1.578272          0.21    0.21
   76.892509     5     9.439232       3.134400        1.882112          8.15    5.32
CPU_time(ms) Kernel GPU_time(ms) TransferIn(ms) TransferOut(ms) Speedup_noTrf Speedup
   77.146111     0     0.000000       0.000000        0.000000           inf     inf
   77.146111     1     1.214464       9.298048        9.749728         63.52    3.81
   77.146111     2     0.776192       7.303328        4.978528         99.39    5.91
   77.146111     3     1.216960       7.244928        5.048448         63.39    5.71
   77.146111     4   363.608063       3.202592        1.600384          0.21    0.21
   77.146111     5     9.439232       3.158816        1.614816          8.17    5.43
CPU_time(ms) Kernel GPU_time(ms) TransferIn(ms) TransferOut(ms) Speedup_noTrf Speedup
   82.346077     0     0.000000       0.000000        0.000000           inf     inf
   82.346077     1     1.214688      10.136288       10.344224         67.79    3.80
   82.346077     2     0.759936       3.209152        2.061216        108.36   13.66
   82.346077     3     1.201536       3.243072        1.620448         68.53   13.58
   82.346077     4   363.600769       3.212640        1.604288          0.23    0.22
   82.346077     5     9.440736       3.133824        1.807168          8.72    5.73
CPU_time(ms) Kernel GPU_time(ms) TransferIn(ms) TransferOut(ms) Speedup_noTrf Speedup
   78.636925     0     0.000000       0.000000        0.000000           inf     inf
   78.636925     1     1.208352       4.251936        6.895552         65.08    6.36
   78.636925     2     0.774144       7.175264        4.990496        101.58    6.08
   78.636925     3     1.200000       3.171456        1.987392         65.53   12.37
   78.636925     4   363.575287       7.301856        1.599072          0.22    0.21
   78.636925     5     9.455488       7.337536        4.972288          8.32    3.61
CPU_time(ms) Kernel GPU_time(ms) TransferIn(ms) TransferOut(ms) Speedup_noTrf Speedup
   73.475746     0     0.000000       0.000000        0.000000           inf     inf
   73.475746     1     1.208768       4.383712        7.159872         60.79    5.76
   73.475746     2     0.773120       6.943968        4.912384         95.04    5.82
   73.475746     3     1.215584       7.069376        4.724288         60.44    5.65
   73.475746     4   363.556824       4.205184        1.602880          0.20    0.20
   73.475746     5     9.439776       3.203264        1.550272          7.78    5.18
CPU_time(ms) Kernel GPU_time(ms) TransferIn(ms) TransferOut(ms) Speedup_noTrf Speedup
   74.132256     0     0.000000       0.000000        0.000000           inf     inf
   74.132256     1     1.216512      10.782720       10.838080         60.94    3.25
   74.132256     2     0.774144       7.404000        5.166688         95.76    5.56
   74.132256     3     1.200128       3.183008        1.669760         61.77   12.25
   74.132256     4   363.716187       3.153856        1.603552          0.20    0.20
   74.132256     5     9.436832       3.215328        1.620352          7.86    5.19
CPU_time(ms) Kernel GPU_time(ms) TransferIn(ms) TransferOut(ms) Speedup_noTrf Speedup
   78.706787     0     0.000000       0.000000        0.000000           inf     inf
   78.706787     1     1.208320       4.669440        7.794176         65.14    5.76
   78.706787     2     0.759488       3.224928        1.943616        103.63   13.28
   78.706787     3     1.201632       3.214336        1.949600         65.50   12.36
   78.706787     4   363.806366       4.316128        1.622656          0.22    0.21
   78.706787     5     9.455616       7.746208        5.489728          8.32    3.47
CPU_time(ms) Kernel GPU_time(ms) TransferIn(ms) TransferOut(ms) Speedup_noTrf Speedup
   77.322243     0     0.000000       0.000000        0.000000           inf     inf
   77.322243     1     1.208320       4.279520        6.843136         63.99    6.27
   77.322243     2     0.775520       7.266880        4.940576         99.70    5.96
   77.322243     3     1.198080       3.150048        1.810624         64.54   12.55
   77.322243     4   363.741089       3.177824        1.580640          0.21    0.21
   77.322243     5     9.439680       3.312896        1.948416          8.19    5.26
CPU_time(ms) Kernel GPU_time(ms) TransferIn(ms) TransferOut(ms) Speedup_noTrf Speedup
   82.245628     0     0.000000       0.000000        0.000000           inf     inf
   82.245628     1     1.216864      10.555552       11.366432         67.59    3.55
   82.245628     2     0.774976       7.570016        5.853440        106.13    5.79
   82.245628     3     1.216352       7.521504        5.850336         67.62    5.64
   82.245628     4   363.634521       3.242400        1.617760          0.23    0.22
   82.245628     5     9.439232       3.255488        2.010720          8.71    5.59
CPU_time(ms) Kernel GPU_time(ms) TransferIn(ms) TransferOut(ms) Speedup_noTrf Speedup
   75.771393     0     0.000000       0.000000        0.000000           inf     inf
   75.771393     1     1.216512       9.596992       10.044000         62.29    3.63
   75.771393     2     0.772096       7.119712        4.745856         98.14    6.00
   75.771393     3     1.203328       3.365664        2.116768         62.97   11.33
   75.771393     4   363.673615       7.241664        1.612992          0.21    0.20
   75.771393     5     9.439552       3.190592        1.977376          8.03    5.19
CPU_time(ms) Kernel GPU_time(ms) TransferIn(ms) TransferOut(ms) Speedup_noTrf Speedup
   75.999229     0     0.000000       0.000000        0.000000           inf     inf
   75.999229     1     1.207936       4.334464        7.005632         62.92    6.06
   75.999229     2     0.757856       3.170880        1.603712        100.28   13.74
   75.999229     3     1.198048       3.151008        1.567360         63.44   12.85
   75.999229     4   363.695099       3.154464        1.511456          0.21    0.21
   75.999229     5     9.438976       3.132064        1.595392          8.05    5.36
CPU_time(ms) Kernel GPU_time(ms) TransferIn(ms) TransferOut(ms) Speedup_noTrf Speedup
   73.261055     0     0.000000       0.000000        0.000000           inf     inf
   73.261055     1     1.208320       4.368512        7.264192         60.63    5.71
   73.261055     2     0.759296       3.191904        1.747904         96.49   12.85
   73.261055     3     1.200128       3.120832        1.756960         61.04   12.05
   73.261055     4   363.651917       3.104512        1.600896          0.20    0.20
   73.261055     5     9.438208       3.150912        1.805568          7.76    5.09
CPU_time(ms) Kernel GPU_time(ms) TransferIn(ms) TransferOut(ms) Speedup_noTrf Speedup
   74.022659     0     0.000000       0.000000        0.000000           inf     inf
   74.022659     1     1.220000       9.875456       10.242912         60.67    3.47
   74.022659     2     0.772192       6.994048        4.884064         95.86    5.85
   74.022659     3     1.216512       7.005184        4.841440         60.85    5.67
   74.022659     4   363.728485       7.294528        1.528416          0.20    0.20
   74.022659     5     9.440704       3.193056        1.891008          7.84    5.10
CPU_time(ms) Kernel GPU_time(ms) TransferIn(ms) TransferOut(ms) Speedup_noTrf Speedup
   78.186142     0     0.000000       0.000000        0.000000           inf     inf
   78.186142     1     1.208384       4.235264        6.848384         64.70    6.36
   78.186142     2     0.757760       3.119072        1.712928        103.18   13.99
   78.186142     3     1.200032       3.130592        1.778432         65.15   12.80
   78.186142     4   363.771912       3.097536        1.593888          0.21    0.21
   78.186142     5     9.437536       3.124480        1.620736          8.28    5.51
CPU_time(ms) Kernel GPU_time(ms) TransferIn(ms) TransferOut(ms) Speedup_noTrf Speedup
   85.285248     0     0.000000       0.000000        0.000000           inf     inf
   85.285248     1     1.206752       3.862880        5.823264         70.67    7.83
   85.285248     2     0.772096       6.846368        4.680128        110.46    6.93
   85.285248     3     1.198272       3.101248        1.693344         71.17   14.23
   85.285248     4   363.950134       7.293600        1.591168          0.23    0.23
   85.285248     5     9.439904       3.136448        1.677312          9.03    5.98
CPU_time(ms) Kernel GPU_time(ms) TransferIn(ms) TransferOut(ms) Speedup_noTrf Speedup
   74.679230     0     0.000000       0.000000        0.000000           inf     inf
   74.679230     1     1.208032       3.895296        5.934016         61.82    6.77
   74.679230     2     0.773472       7.328128        5.084032         96.55    5.66
   74.679230     3     1.212416       7.334528        5.089824         61.60    5.48
   74.679230     4   363.677521       7.667552        1.535616          0.21    0.20
   74.679230     5     9.453568       7.771776        5.357600          7.90    3.31
CPU_time(ms) Kernel GPU_time(ms) TransferIn(ms) TransferOut(ms) Speedup_noTrf Speedup
   78.721024     0     0.000000       0.000000        0.000000           inf     inf
   78.721024     1     1.217792       3.862528        5.942368         64.64    7.14
   78.721024     2     0.778176       7.015872        4.875776        101.16    6.21
   78.721024     3     1.212384       3.193856        2.009856         64.93   12.27
   78.721024     4   366.335999       7.311008        1.615872          0.21    0.21
   78.721024     5     9.478144       7.480512        5.224416          8.31    3.55
CPU_time(ms) Kernel GPU_time(ms) TransferIn(ms) TransferOut(ms) Speedup_noTrf Speedup
   76.558113     0     0.000000       0.000000        0.000000           inf     inf
   76.558113     1     1.218560       4.098752        6.537472         62.83    6.46
   76.558113     2     0.781728       7.320416        5.016288         97.93    5.84
   76.558113     3     1.208320       3.124384        1.687776         63.36   12.72
   76.558113     4   366.293701       3.104416        1.522880          0.21    0.21
   76.558113     5     9.461824       3.139392        1.687392          8.09    5.36
CPU_time(ms) Kernel GPU_time(ms) TransferIn(ms) TransferOut(ms) Speedup_noTrf Speedup
   75.185730     0     0.000000       0.000000        0.000000           inf     inf
   75.185730     1     1.227232      10.174720       10.496352         61.26    3.43
   75.185730     2     0.765888       3.168896        1.860672         98.17   12.97
   75.185730     3     1.228128       7.159488        5.131264         61.22    5.56
   75.185730     4   366.363647       7.332128        1.591584          0.21    0.20
   75.185730     5     9.478144       7.301376        4.900832          7.93    3.47
CPU_time(ms) Kernel GPU_time(ms) TransferIn(ms) TransferOut(ms) Speedup_noTrf Speedup
   78.127266     0     0.000000       0.000000        0.000000           inf     inf
   78.127266     1     1.218944       4.348192        7.183104         64.09    6.13
   78.127266     2     0.765728       3.153568        1.791296        102.03   13.68
   78.127266     3     1.210368       3.271552        1.677600         64.55   12.68
   78.127266     4   366.307343       3.209792        1.632640          0.21    0.21
   78.127266     5     9.462624       3.193856        1.544160          8.26    5.50
CPU_time(ms) Kernel GPU_time(ms) TransferIn(ms) TransferOut(ms) Speedup_noTrf Speedup
   73.412193     0     0.000000       0.000000        0.000000           inf     inf
   73.412193     1     1.216512       3.870080        5.825472         60.35    6.73
   73.412193     2     0.764576       3.130496        1.760128         96.02   12.98
   73.412193     3     1.210112       3.206752        1.662496         60.67   12.08
   73.412193     4   366.330200       3.202464        1.531584          0.20    0.20
   73.412193     5     9.475968       7.274528        5.102752          7.75    3.36
CPU_time(ms) Kernel GPU_time(ms) TransferIn(ms) TransferOut(ms) Speedup_noTrf Speedup
   80.900093     0     0.000000       0.000000        0.000000           inf     inf
   80.900093     1     1.216512       3.919776        6.040256         66.50    7.24
   80.900093     2     0.764352       3.141376        1.770432        105.84   14.25
   80.900093     3     1.209632       3.129952        1.687648         66.88   13.42
   80.900093     4   366.290955       7.001376        1.602944          0.22    0.22
   80.900093     5     9.479648       7.281120        5.039456          8.53    3.71
CPU_time(ms) Kernel GPU_time(ms) TransferIn(ms) TransferOut(ms) Speedup_noTrf Speedup
   77.175652     0     0.000000       0.000000        0.000000           inf     inf
   77.175652     1     1.225376      10.068352       10.484544         62.98    3.54
   77.175652     2     0.763968       3.150112        1.584256        101.02   14.04
   77.175652     3     1.226752       7.128608        5.074560         62.91    5.75
   77.175652     4   366.292633       3.118688        1.597664          0.21    0.21
   77.175652     5     9.461664       3.153728        1.763456          8.16    5.37
CPU_time(ms) Kernel GPU_time(ms) TransferIn(ms) TransferOut(ms) Speedup_noTrf Speedup
   69.734367     0     0.000000       0.000000        0.000000           inf     inf
   69.734367     1     1.218400       4.298752        6.891296         57.23    5.62
   69.734367     2     0.780288       6.743872        4.691744         89.37    5.71
   69.734367     3     1.226080       6.952704        4.871840         56.88    5.34
   69.734367     4   366.325775       7.003360        1.589408          0.19    0.19
   69.734367     5     9.480192       7.266016        5.123680          7.36    3.19
CPU_time(ms) Kernel GPU_time(ms) TransferIn(ms) TransferOut(ms) Speedup_noTrf Speedup
   74.575874     0     0.000000       0.000000        0.000000           inf     inf
   74.575874     1     1.227072      10.336160       11.216256         60.78    3.27
   74.575874     2     0.764064       3.148672        1.770048         97.60   13.12
   74.575874     3     1.210496       3.171104        1.854880         61.61   11.96
   74.575874     4   366.374634       3.212192        1.585696          0.20    0.20
   74.575874     5     9.462240       3.275264        2.034112          7.88    5.05
CPU_time(ms) Kernel GPU_time(ms) TransferIn(ms) TransferOut(ms) Speedup_noTrf Speedup
   73.599327     0     0.000000       0.000000        0.000000           inf     inf
   73.599327     1     1.216672       4.107200        6.454112         60.49    6.25
   73.599327     2     0.779744       6.912800        4.964704         94.39    5.81
   73.599327     3     1.211616       3.166880        1.841792         60.74   11.83
   73.599327     4   366.417908       3.120896        1.558592          0.20    0.20
   73.599327     5     9.461088       3.186144        1.635936          7.78    5.15
CPU_time(ms) Kernel GPU_time(ms) TransferIn(ms) TransferOut(ms) Speedup_noTrf Speedup
   76.598717     0     0.000000       0.000000        0.000000           inf     inf
   76.598717     1     1.226528      10.044736       10.336800         62.45    3.54
   76.598717     2     0.778496       6.971168        4.869344         98.39    6.07
   76.598717     3     1.225312       7.429792        4.942336         62.51    5.63
   76.598717     4   366.253143       7.236480        1.595456          0.21    0.20
   76.598717     5     9.462752       3.168736        1.642112          8.09    5.37
CPU_time(ms) Kernel GPU_time(ms) TransferIn(ms) TransferOut(ms) Speedup_noTrf Speedup
   78.278275     0     0.000000       0.000000        0.000000           inf     inf
   78.278275     1     1.224704       9.936352       10.378464         63.92    3.63
   78.278275     2     0.778624       6.779456        4.680576        100.53    6.40
   78.278275     3     1.209248       3.169024        1.663712         64.73   12.96
   78.278275     4   366.375946       3.172096        1.524608          0.21    0.21
   78.278275     5     9.461888       3.153824        1.855936          8.27    5.41
CPU_time(ms) Kernel GPU_time(ms) TransferIn(ms) TransferOut(ms) Speedup_noTrf Speedup
   71.624352     0     0.000000       0.000000        0.000000           inf     inf
   71.624352     1     1.217472       4.092736        6.596416         58.83    6.02
   71.624352     2     0.765856       3.138848        1.740288         93.52   12.69
   71.624352     3     1.210368       3.140320        1.701568         59.18   11.83
   71.624352     4   366.375000       3.103104        1.581408          0.20    0.19
   71.624352     5     9.460800       3.102016        1.685952          7.57    5.03
CPU_time(ms) Kernel GPU_time(ms) TransferIn(ms) TransferOut(ms) Speedup_noTrf Speedup
   76.143646     0     0.000000       0.000000        0.000000           inf     inf
   76.143646     1     1.218112       4.044800        6.768320         62.51    6.33
   76.143646     2     0.767200       3.147424        1.788128         99.25   13.35
   76.143646     3     1.210432       3.159008        1.684448         62.91   12.58
   76.143646     4   366.343689       3.136192        1.636352          0.21    0.21
   76.143646     5     9.463648       3.137184        1.995584          8.05    5.22
CPU_time(ms) Kernel GPU_time(ms) TransferIn(ms) TransferOut(ms) Speedup_noTrf Speedup
   77.670563     0     0.000000       0.000000        0.000000           inf     inf
   77.670563     1     1.228000       9.998048       10.769056         63.25    3.53
   77.670563     2     0.765280       3.179584        1.978944        101.49   13.11
   77.670563     3     1.226848       7.187488        5.730944         63.31    5.49
   77.670563     4   366.373932       3.188768        1.641824          0.21    0.21
   77.670563     5     9.479808       7.321216        5.258688          8.19    3.52
CPU_time(ms) Kernel GPU_time(ms) TransferIn(ms) TransferOut(ms) Speedup_noTrf Speedup
   80.787453     0     0.000000       0.000000        0.000000           inf     inf
   80.787453     1     1.226400       9.994272       10.466560         65.87    3.73
   80.787453     2     0.765728       3.110176        1.569664        105.50   14.84
   80.787453     3     1.211520       3.151840        1.862752         66.68   12.98
   80.787453     4   366.280701       3.114848        1.606496          0.22    0.22
   80.787453     5     9.463808       3.199328        1.695360          8.54    5.63
CPU_time(ms) Kernel GPU_time(ms) TransferIn(ms) TransferOut(ms) Speedup_noTrf Speedup
   75.755524     0     0.000000       0.000000        0.000000           inf     inf
   75.755524     1     1.218016       4.131104        6.546048         62.20    6.37
   75.755524     2     0.763328       3.128192        1.632416         99.24   13.71
   75.755524     3     1.210112       3.130784        1.731712         62.60   12.47
   75.755524     4   366.178314       3.136768        1.603456          0.21    0.20
   75.755524     5     9.459744       3.118272        1.594496          8.01    5.35
CPU_time(ms) Kernel GPU_time(ms) TransferIn(ms) TransferOut(ms) Speedup_noTrf Speedup
   74.901566     0     0.000000       0.000000        0.000000           inf     inf
   74.901566     1     1.217056       4.347936        6.997216         61.54    5.96
   74.901566     2     0.764032       3.224320        1.866720         98.03   12.79
   74.901566     3     1.224832       7.224320        5.061824         61.15    5.54
   74.901566     4   366.227417       3.160608        1.611008          0.20    0.20
   74.901566     5     9.460896       3.206528        1.866880          7.92    5.15
CPU_time(ms) Kernel GPU_time(ms) TransferIn(ms) TransferOut(ms) Speedup_noTrf Speedup
   77.064194     0     0.000000       0.000000        0.000000           inf     inf
   77.064194     1     1.224992       9.489152       10.579040         62.91    3.62
   77.064194     2     0.764800       3.157728        2.019104        100.76   12.97
   77.064194     3     1.223616       6.938208        5.470656         62.98    5.65
   77.064194     4   366.331909       3.118272        1.643616          0.21    0.21
   77.064194     5     9.462240       3.100288        1.790016          8.14    5.37
CPU_time(ms) Kernel GPU_time(ms) TransferIn(ms) TransferOut(ms) Speedup_noTrf Speedup
   72.748161     0     0.000000       0.000000        0.000000           inf     inf
   72.748161     1     1.226752       4.011520        6.358560         59.30    6.27
   72.748161     2     0.769376       3.098592        1.684480         94.55   13.10
   72.748161     3     1.220672       3.112096        1.623200         59.60   12.21
   72.748161     4   368.687103       3.104160        1.598528          0.20    0.19
   72.748161     5     9.490176       3.069280        1.650944          7.67    5.12
CPU_time(ms) Kernel GPU_time(ms) TransferIn(ms) TransferOut(ms) Speedup_noTrf Speedup
   77.955070     0     0.000000       0.000000        0.000000           inf     inf
   77.955070     1     1.225184       3.925984        6.150048         63.63    6.90
   77.955070     2     0.770144       3.142816        1.815296        101.22   13.61
   77.955070     3     1.220608       3.201376        2.073696         63.87   12.00
   77.955070     4   368.719360       3.198592        1.611968          0.21    0.21
   77.955070     5     9.483040       3.098016        1.760256          8.22    5.44
CPU_time(ms) Kernel GPU_time(ms) TransferIn(ms) TransferOut(ms) Speedup_noTrf Speedup
   75.936897     0     0.000000       0.000000        0.000000           inf     inf
   75.936897     1     1.225888       4.032800        6.388032         61.94    6.52
   75.936897     2     0.769472       3.132288        1.581632         98.69   13.85
   75.936897     3     1.219200       3.127520        1.631840         62.28   12.70
   75.936897     4   368.807007       6.942464        1.594336          0.21    0.20
   75.936897     5     9.489440       3.115808        1.627168          8.00    5.34
CPU_time(ms) Kernel GPU_time(ms) TransferIn(ms) TransferOut(ms) Speedup_noTrf Speedup
   71.527939     0     0.000000       0.000000        0.000000           inf     inf
   71.527939     1     1.226752       3.936800        6.077664         58.31    6.36
   71.527939     2     0.769504       3.106432        1.737280         92.95   12.74
   71.527939     3     1.217216       4.063232        1.606944         58.76   10.39
   71.527939     4   368.690887       3.125440        1.596704          0.19    0.19
   71.527939     5     9.482240       3.134656        1.613984          7.54    5.03
CPU_time(ms) Kernel GPU_time(ms) TransferIn(ms) TransferOut(ms) Speedup_noTrf Speedup
   73.328644     0     0.000000       0.000000        0.000000           inf     inf
   73.328644     1     1.234944      10.561536       10.814560         59.38    3.24
   73.328644     2     0.772096       3.270880        2.017216         94.97   12.10
   73.328644     3     1.219616       3.108064        1.716704         60.12   12.13
   73.328644     4   368.802368       3.143264        1.609088          0.20    0.20
   73.328644     5     9.481664       3.100512        1.762496          7.73    5.11
CPU_time(ms) Kernel GPU_time(ms) TransferIn(ms) TransferOut(ms) Speedup_noTrf Speedup
   72.180351     0     0.000000       0.000000        0.000000           inf     inf
   72.180351     1     1.235936      10.262336       10.412576         58.40    3.29
   72.180351     2     0.771200       3.171296        1.699776         93.59   12.79
   72.180351     3     1.220512       3.114592        1.740832         59.14   11.88
   72.180351     4   368.743591       3.124672        1.604512          0.20    0.19
   72.180351     5     9.485984       3.150112        1.753120          7.61    5.02
CPU_time(ms) Kernel GPU_time(ms) TransferIn(ms) TransferOut(ms) Speedup_noTrf Speedup
   77.202370     0     0.000000       0.000000        0.000000           inf     inf
   77.202370     1     1.226816       4.038080        6.334784         62.93    6.66
   77.202370     2     0.768608       3.125440        1.622912        100.44   13.99
   77.202370     3     1.235904       7.129760        4.928608         62.47    5.81
   77.202370     4   368.805511       3.196800        1.555392          0.21    0.21
   77.202370     5     9.485344       3.117792        1.746944          8.14    5.38
CPU_time(ms) Kernel GPU_time(ms) TransferIn(ms) TransferOut(ms) Speedup_noTrf Speedup
   73.998398     0     0.000000       0.000000        0.000000           inf     inf
   73.998398     1     1.226880       4.429824        7.554336         60.31    5.60
   73.998398     2     0.770048       3.205568        2.018880         96.10   12.34
   73.998398     3     1.218880       3.148672        1.865952         60.71   11.87
   73.998398     4   368.751709       3.179776        1.554624          0.20    0.20
   73.998398     5     9.482848       3.172544        1.621312          7.80    5.18
CPU_time(ms) Kernel GPU_time(ms) TransferIn(ms) TransferOut(ms) Speedup_noTrf Speedup
   72.896255     0     0.000000       0.000000        0.000000           inf     inf
   72.896255     1     1.226240       4.171872        6.640896         59.45    6.06
   72.896255     2     0.770048       3.165504        1.769952         94.66   12.78
   72.896255     3     1.219744       3.133280        1.710656         59.76   12.02
   72.896255     4   368.791412       3.208672        1.528544          0.20    0.20
   72.896255     5     9.482240       3.145408        1.622528          7.69    5.12
CPU_time(ms) Kernel GPU_time(ms) TransferIn(ms) TransferOut(ms) Speedup_noTrf Speedup
   81.822464     0     0.000000       0.000000        0.000000           inf     inf
   81.822464     1     1.228544       4.763648        8.068224         66.60    5.82
   81.822464     2     0.772480       3.169792        1.875456        105.92   14.06
   81.822464     3     1.237408       6.990432        4.885216         66.12    6.24
   81.822464     4   368.719543       3.153248        1.588160          0.22    0.22
   81.822464     5     9.486432       3.122720        1.776480          8.63    5.69
CPU_time(ms) Kernel GPU_time(ms) TransferIn(ms) TransferOut(ms) Speedup_noTrf Speedup
   73.361404     0     0.000000       0.000000        0.000000           inf     inf
   73.361404     1     1.232672       9.398272       10.452032         59.51    3.48
   73.361404     2     0.784512       6.991136        5.490624         93.51    5.53
   73.361404     3     1.217600       3.177376        1.797696         60.25   11.85
   73.361404     4   368.766968       3.122400        1.651104          0.20    0.20
   73.361404     5     9.484416       3.168800        1.865440          7.73    5.05
CPU_time(ms) Kernel GPU_time(ms) TransferIn(ms) TransferOut(ms) Speedup_noTrf Speedup
   70.136993     0     0.000000       0.000000        0.000000           inf     inf
   70.136993     1     1.225664       3.940352        6.532992         57.22    6.00
   70.136993     2     0.770336       3.136000        2.023776         91.05   11.83
   70.136993     3     1.219392       3.116832        1.717184         57.52   11.59
   70.136993     4   368.723145       6.970368        1.640928          0.19    0.19
   70.136993     5     9.486336       3.157216        2.006016          7.39    4.79
CPU_time(ms) Kernel GPU_time(ms) TransferIn(ms) TransferOut(ms) Speedup_noTrf Speedup
   81.381439     0     0.000000       0.000000        0.000000           inf     inf
   81.381439     1     1.232896       8.636416       10.163008         66.01    4.06
   81.381439     2     0.771520       3.123712        1.811616        105.48   14.26
   81.381439     3     1.220640       3.173024        2.048192         66.67   12.63
   81.381439     4   368.835510       3.151520        1.652160          0.22    0.22
   81.381439     5     9.680768       3.204832        1.714272          8.41    5.57
CPU_time(ms) Kernel GPU_time(ms) TransferIn(ms) TransferOut(ms) Speedup_noTrf Speedup
   85.696861     0     0.000000       0.000000        0.000000           inf     inf
   85.696861     1     1.227328       4.104800        6.517696         69.82    7.23
   85.696861     2     0.785152       6.993440        4.813472        109.15    6.81
   85.696861     3     1.219808       3.146944        1.606240         70.25   14.35
   85.696861     4   368.841492       7.322688        1.567264          0.23    0.23
   85.696861     5     9.482400       3.125440        1.767072          9.04    5.96
CPU_time(ms) Kernel GPU_time(ms) TransferIn(ms) TransferOut(ms) Speedup_noTrf Speedup
   75.264160     0     0.000000       0.000000        0.000000           inf     inf
   75.264160     1     1.228320       4.471296        7.348032         61.27    5.77
   75.264160     2     0.769792       3.141216        1.603616         97.77   13.65
   75.264160     3     1.219680       3.150528        1.837696         61.71   12.12
   75.264160     4   368.858765       3.117536        1.601600          0.20    0.20
   75.264160     5     9.482656       3.140832        1.616128          7.94    5.29
CPU_time(ms) Kernel GPU_time(ms) TransferIn(ms) TransferOut(ms) Speedup_noTrf Speedup
   75.947586     0     0.000000       0.000000        0.000000           inf     inf
   75.947586     1     1.226784       4.284864        6.940192         61.91    6.10
   75.947586     2     0.769248       3.155104        1.652416         98.73   13.62
   75.947586     3     1.220256       3.215872        1.889536         62.24   12.01
   75.947586     4   368.824310       4.061440        1.618560          0.21    0.20
   75.947586     5     9.489056       3.153856        1.770816          8.00    5.27
CPU_time(ms) Kernel GPU_time(ms) TransferIn(ms) TransferOut(ms) Speedup_noTrf Speedup
   76.304222     0     0.000000       0.000000        0.000000           inf     inf
   76.304222     1     1.226816       4.266816        6.967136         62.20    6.12
   76.304222     2     0.769984       3.161248        1.692512         99.10   13.57
   76.304222     3     1.218720       3.137216        1.826240         62.61   12.34
   76.304222     4   368.746338       3.151968        1.527008          0.21    0.20
   76.304222     5     9.482240       3.199456        1.747104          8.05    5.29
CPU_time(ms) Kernel GPU_time(ms) TransferIn(ms) TransferOut(ms) Speedup_noTrf Speedup
   71.434013     0     0.000000       0.000000        0.000000           inf     inf
   71.434013     1     1.232736       9.519616        9.897664         57.95    3.46
   71.434013     2     0.771232       3.204768        1.668576         92.62   12.66
   71.434013     3     1.236960       7.248864        4.984608         57.75    5.30
   71.434013     4   368.754700       7.028896        1.584256          0.19    0.19
   71.434013     5     9.484864       3.154880        1.644928          7.53    5.00
CPU_time(ms) Kernel GPU_time(ms) TransferIn(ms) TransferOut(ms) Speedup_noTrf Speedup
   74.672127     0     0.000000       0.000000        0.000000           inf     inf
   74.672127     1     1.226336       4.425728        7.640800         60.89    5.62
   74.672127     2     0.784544       7.194304        5.691680         95.18    5.46
   74.672127     3     1.218176       3.172320        1.852032         61.30   11.96
   74.672127     4   368.741974       7.207104        1.664192          0.20    0.20
   74.672127     5     9.500480       7.532768        5.755328          7.86    3.28
CPU_time(ms) Kernel GPU_time(ms) TransferIn(ms) TransferOut(ms) Speedup_noTrf Speedup
   73.093796     0     0.000000       0.000000        0.000000           inf     inf
   73.093796     1     1.234624      10.856064       11.842176         59.20    3.05
   73.093796     2     0.782752       6.731904        5.285536         93.38    5.71
   73.093796     3     1.218368       3.108256        1.868864         59.99   11.80
   73.093796     4   368.686432       3.157856        1.645696          0.20    0.20
   73.093796     5     9.481888       3.132384        1.863552          7.71    5.05
CPU_time(ms) Kernel GPU_time(ms) TransferIn(ms) TransferOut(ms) Speedup_noTrf Speedup
   76.085892     0     0.000000       0.000000        0.000000           inf     inf
   76.085892     1     1.228416       4.108288        6.956448         61.94    6.19
   76.085892     2     0.784992       6.860288        4.890144         96.93    6.07
   76.085892     3     1.222624       3.171584        2.006048         62.23   11.89
   76.085892     4   368.770752       3.132576        1.605312          0.21    0.20
   76.085892     5     9.484352       3.142720        1.627872          8.02    5.34
CPU_time(ms) Kernel GPU_time(ms) TransferIn(ms) TransferOut(ms) Speedup_noTrf Speedup
   77.467583     0     0.000000       0.000000        0.000000           inf     inf
   77.467583     1     1.235648      11.491808       11.688224         62.69    3.17
   77.467583     2     0.775264       3.168608        1.625792         99.92   13.91
   77.467583     3     1.220736       3.200992        1.852096         63.46   12.35
   77.467583     4   368.847595       3.150848        1.587008          0.21    0.21
   77.467583     5     9.484736       3.228928        1.705536          8.17    5.37
CPU_time(ms) Kernel GPU_time(ms) TransferIn(ms) TransferOut(ms) Speedup_noTrf Speedup
   72.519073     0     0.000000       0.000000        0.000000           inf     inf
   72.519073     1     1.225504       3.918336        5.934112         59.17    6.55
   72.519073     2     0.770048       3.122528        1.758752         94.17   12.83
   72.519073     3     1.219104       3.111168        1.677088         59.49   12.07
   72.519073     4   368.783356       3.122080        1.590208          0.20    0.19
   72.519073     5     9.482240       3.102080        1.586592          7.65    5.12
CPU_time(ms) Kernel GPU_time(ms) TransferIn(ms) TransferOut(ms) Speedup_noTrf Speedup
   76.653664     0     0.000000       0.000000        0.000000           inf     inf
   76.653664     1     1.232192       9.086912        9.779936         62.21    3.81
   76.653664     2     0.768672       3.152736        1.588640         99.72   13.91
   76.653664     3     1.233440       6.968224        4.910976         62.15    5.85
   76.653664     4   368.861176       3.204832        1.596096          0.21    0.21
   76.653664     5     9.484288       3.169408        1.860064          8.08    5.28
CPU_time(ms) Kernel GPU_time(ms) TransferIn(ms) TransferOut(ms) Speedup_noTrf Speedup
   75.531937     0     0.000000       0.000000        0.000000           inf     inf
   75.531937     1     1.236512      10.150912       10.209856         61.08    3.50
   75.531937     2     0.771360       3.149056        1.796416         97.92   13.21
   75.531937     3     1.234944       7.262496        5.030144         61.16    5.58
   75.531937     4   368.750793       3.129280        1.628352          0.20    0.20
   75.531937     5     9.484288       3.340512        1.878752          7.96    5.14
CPU_time(ms) Kernel GPU_time(ms) TransferIn(ms) TransferOut(ms) Speedup_noTrf Speedup
   72.050690     0     0.000000       0.000000        0.000000           inf     inf
   72.050690     1     1.235712      11.020544       11.198048         58.31    3.07
   72.050690     2     0.777792       4.276864        3.315360         92.63    8.61
   72.050690     3     1.221056       3.502624        2.428992         59.01   10.07
   72.050690     4   368.840759       7.295872        1.599136          0.20    0.19
   72.050690     5     9.481088       3.214048        1.737984          7.60    4.99
CPU_time(ms) Kernel GPU_time(ms) TransferIn(ms) TransferOut(ms) Speedup_noTrf Speedup
   76.770782     0     0.000000       0.000000        0.000000           inf     inf
   76.770782     1     1.236928      11.700224       11.849088         62.07    3.10
   76.770782     2     0.770592       3.250656        1.766464         99.63   13.26
   76.770782     3     1.218848       3.150272        1.621824         62.99   12.81
   76.770782     4   368.746002       3.166464        1.553536          0.21    0.21
   76.770782     5     9.484448       3.153760        1.724608          8.09    5.35
CPU_time(ms) Kernel GPU_time(ms) TransferIn(ms) TransferOut(ms) Speedup_noTrf Speedup
   79.869698     0     0.000000       0.000000        0.000000           inf     inf
   79.869698     1     1.227008       4.399648        7.247616         65.09    6.20
   79.869698     2     0.771520       3.136736        1.744160        103.52   14.13
   79.869698     3     1.220608       3.144096        1.820000         65.43   12.91
   79.869698     4   368.900085       3.172128        1.534048          0.22    0.21
   79.869698     5     9.484288       3.158080        1.804192          8.42    5.53
CPU_time(ms) Kernel GPU_time(ms) TransferIn(ms) TransferOut(ms) Speedup_noTrf Speedup
   76.014687     0     0.000000       0.000000        0.000000           inf     inf
   76.014687     1     1.232640       9.307680       10.340000         61.67    3.64
   76.014687     2     0.770048       3.166688        1.676064         98.71   13.54
   76.014687     3     1.219872       3.089344        1.878496         62.31   12.28
   76.014687     4   368.867676       3.198976        1.579008          0.21    0.20
   76.014687     5     9.483424       3.122272        1.681280          8.02    5.32
CPU_time(ms) Kernel GPU_time(ms) TransferIn(ms) TransferOut(ms) Speedup_noTrf Speedup
   72.902657     0     0.000000       0.000000        0.000000           inf     inf
   72.902657     1     1.226752       3.928064        6.464896         59.43    6.27
   72.902657     2     0.770048       3.147968        1.889728         94.67   12.55
   72.902657     3     1.218816       3.198688        1.838912         59.81   11.65
   72.902657     4   368.856964       3.191232        1.649440          0.20    0.20
   72.902657     5     9.482400       3.210080        1.571296          7.69    5.11
CPU_time(ms) Kernel GPU_time(ms) TransferIn(ms) TransferOut(ms) Speedup_noTrf Speedup
   76.071838     0     0.000000       0.000000        0.000000           inf     inf
   76.071838     1     1.228224       3.749888        5.826816         61.94    7.04
   76.071838     2     0.771040       3.157440        2.014688         98.66   12.80
   76.071838     3     1.220608       3.154784        1.945664         62.32   12.03
   76.071838     4   368.766846       3.203072        1.633440          0.21    0.20
   76.071838     5     9.482304       3.153344        1.732608          8.02    5.29
CPU_time(ms) Kernel GPU_time(ms) TransferIn(ms) TransferOut(ms) Speedup_noTrf Speedup
   76.495102     0     0.000000       0.000000        0.000000           inf     inf
   76.495102     1     1.235072      10.528320       11.307872         61.94    3.32
   76.495102     2     0.786176       7.264608        5.774848         97.30    5.53
   76.495102     3     1.221952       3.292608        2.337600         62.60   11.16
   76.495102     4   368.799622       7.263040        1.649824          0.21    0.20
   76.495102     5     9.497984       5.968992        5.401056          8.05    3.67
CPU_time(ms) Kernel GPU_time(ms) TransferIn(ms) TransferOut(ms) Speedup_noTrf Speedup
   73.422852     0     0.000000       0.000000        0.000000           inf     inf
   73.422852     1     1.226688       4.354048        7.035200         59.85    5.82
   73.422852     2     0.784192       6.989088        4.797888         93.63    5.84
   73.422852     3     1.229696       5.125824        3.913920         59.71    7.15
   73.422852     4   368.697510       3.779264        1.606240          0.20    0.20
   73.422852     5     9.501056       7.516000        5.240032          7.73    3.30
CPU_time(ms) Kernel GPU_time(ms) TransferIn(ms) TransferOut(ms) Speedup_noTrf Speedup
   73.057953     0     0.000000       0.000000        0.000000           inf     inf
   73.057953     1     1.227392       4.401088        7.131808         59.52    5.73
   73.057953     2     0.784864       7.282528        5.047584         93.08    5.57
   73.057953     3     1.232384       3.162720        1.751776         59.28   11.89
   73.057953     4   368.863159       3.113408        1.611008          0.20    0.20
   73.057953     5     9.482816       3.208224        1.893088          7.70    5.01
CPU_time(ms) Kernel GPU_time(ms) TransferIn(ms) TransferOut(ms) Speedup_noTrf Speedup
   75.185791     0     0.000000       0.000000        0.000000           inf     inf
   75.185791     1     1.226784       4.058304        6.367712         61.29    6.45
   75.185791     2     0.772064       3.221536        1.775520         97.38   13.03
   75.185791     3     1.220448       3.136384        1.686688         61.61   12.44
   75.185791     4   368.783997       3.784992        1.602496          0.20    0.20
   75.185791     5     9.484288       3.174816        1.626368          7.93    5.26
CPU_time(ms) Kernel GPU_time(ms) TransferIn(ms) TransferOut(ms) Speedup_noTrf Speedup
   72.818398     0     0.000000       0.000000        0.000000           inf     inf
   72.818398     1     1.226752       4.132864        6.974976         59.36    5.90
   72.818398     2     0.770048       3.150752        1.633568         94.56   13.11
   72.818398     3     1.234176       7.049600        4.917920         59.00    5.52
   72.818398     4   369.286652       3.144768        1.536256          0.20    0.19
   72.818398     5     9.486048       3.129408        1.597408          7.68    5.12
CPU_time(ms) Kernel GPU_time(ms) TransferIn(ms) TransferOut(ms) Speedup_noTrf Speedup
   77.772797     0     0.000000       0.000000        0.000000           inf     inf
   77.772797     1     1.226368       3.897120        5.801120         63.42    7.12
   77.772797     2     0.781856       6.125984        4.259232         99.47    6.96
   77.772797     3     1.219392       3.182208        1.703072         63.78   12.74
   77.772797     4   368.802643       6.978464        1.598784          0.21    0.21
   77.772797     5     9.483648       3.134464        1.569856          8.20    5.48
CPU_time(ms) Kernel GPU_time(ms) TransferIn(ms) TransferOut(ms) Speedup_noTrf Speedup
   78.913536     0     0.000000       0.000000        0.000000           inf     inf
   78.913536     1     1.236640       8.562560       14.238624         63.81    3.28
   78.913536     2     0.770368       3.189088        1.985472        102.44   13.27
   78.913536     3     1.228800       4.835488        4.718144         64.22    7.32
   78.913536     4   368.836823       3.720640        1.645344          0.21    0.21
   78.913536     5     9.500640       7.292032        5.557984          8.31    3.53
CPU_time(ms) Kernel GPU_time(ms) TransferIn(ms) TransferOut(ms) Speedup_noTrf Speedup
   77.370148     0     0.000000       0.000000        0.000000           inf     inf
   77.370148     1     1.227968       4.284544        6.928672         63.01    6.22
   77.370148     2     0.770240       3.186272        1.678240        100.45   13.73
   77.370148     3     1.220608       3.164896        1.605312         63.39   12.91
   77.370148     4   368.879608       3.172288        1.549568          0.21    0.21
   77.370148     5     9.485920       3.151520        1.844160          8.16    5.34
CPU_time(ms) Kernel GPU_time(ms) TransferIn(ms) TransferOut(ms) Speedup_noTrf Speedup
   72.686852     0     0.000000       0.000000        0.000000           inf     inf
   72.686852     1     1.238144      11.360480       11.173984         58.71    3.06
   72.686852     2     0.772672       3.432352        2.463136         94.07   10.90
   72.686852     3     1.235360       7.299808        5.067168         58.84    5.34
   72.686852     4   368.819092       5.568064        1.599104          0.20    0.19
   72.686852     5     9.487616       3.713632        3.186944          7.66    4.44
CPU_time(ms) Kernel GPU_time(ms) TransferIn(ms) TransferOut(ms) Speedup_noTrf Speedup
   80.927261     0     0.000000       0.000000        0.000000           inf     inf
   80.927261     1     1.227968       4.528384        7.705664         65.90    6.01
   80.927261     2     0.769664       3.172288        1.620352        105.15   14.55
   80.927261     3     1.218688       3.130432        1.754304         66.41   13.26
   80.927261     4   368.812042       3.136384        1.529472          0.22    0.22
   80.927261     5     9.484352       3.142368        1.775360          8.53    5.62
CPU_time(ms) Kernel GPU_time(ms) TransferIn(ms) TransferOut(ms) Speedup_noTrf Speedup
   78.992035     0     0.000000       0.000000        0.000000           inf     inf
   78.992035     1     1.226752       4.444928        7.599552         64.39    5.95
   78.992035     2     0.770048       3.178432        1.799808        102.58   13.74
   78.992035     3     1.219328       3.244448        2.206912         64.78   11.84
   78.992035     4   369.403778       7.564480        1.648864          0.21    0.21
   78.992035     5     9.485056       3.283552        2.349632          8.33    5.22
CPU_time(ms) Kernel GPU_time(ms) TransferIn(ms) TransferOut(ms) Speedup_noTrf Speedup
   69.042015     0     0.000000       0.000000        0.000000           inf     inf
   69.042015     1     1.231584       8.432416        9.376576         56.06    3.63
   69.042015     2     0.768832       3.131680        1.597088         89.80   12.56
   69.042015     3     1.219104       3.151456        1.824960         56.63   11.14
   69.042015     4   368.881653       3.120704        1.532576          0.19    0.18
   69.042015     5     9.481152       3.129344        1.741952          7.28    4.81
CPU_time(ms) Kernel GPU_time(ms) TransferIn(ms) TransferOut(ms) Speedup_noTrf Speedup
   80.993309     0     0.000000       0.000000        0.000000           inf     inf
   80.993309     1     1.226560       4.044800        6.327232         66.03    6.98
   80.993309     2     0.784192       6.964704        4.795552        103.28    6.46
   80.993309     3     1.218752       3.195712        1.677216         66.46   13.30
   80.993309     4   368.980133       3.162016        1.604640          0.22    0.22
   80.993309     5     9.484288       3.161600        1.613856          8.54    5.68
CPU_time(ms) Kernel GPU_time(ms) TransferIn(ms) TransferOut(ms) Speedup_noTrf Speedup
   72.906754     0     0.000000       0.000000        0.000000           inf     inf
   72.906754     1     1.236992      10.096032       10.317536         58.94    3.37
   72.906754     2     0.786432       7.161056        4.969760         92.71    5.64
   72.906754     3     1.218912       3.111040        1.682944         59.81   12.13
   72.906754     4   368.842010       7.210688        1.596864          0.20    0.19
   72.906754     5     9.500672       7.331680        5.015296          7.67    3.34
CPU_time(ms) Kernel GPU_time(ms) TransferIn(ms) TransferOut(ms) Speedup_noTrf Speedup
   74.543106     0     0.000000       0.000000        0.000000           inf     inf
   74.543106     1     1.225600       3.954720        6.502656         60.82    6.38
   74.543106     2     0.785664       6.981248        5.580128         94.88    5.58
   74.543106     3     1.220800       3.179776        1.866272         61.06   11.89
   74.543106     4   368.802155       3.187488        1.674336          0.20    0.20
   74.543106     5     9.484736       3.157088        1.932736          7.86    5.11
CPU_time(ms) Kernel GPU_time(ms) TransferIn(ms) TransferOut(ms) Speedup_noTrf Speedup
   74.871040     0     0.000000       0.000000        0.000000           inf     inf
   74.871040     1     1.233888       7.266976       12.491360         60.68    3.57
   74.871040     2     0.776192       4.355136        3.637280         96.46    8.54
   74.871040     3     1.227456       4.410848        3.589024         61.00    8.11
   74.871040     4   368.797180       3.473952        1.608128          0.20    0.20
   74.871040     5     9.494048       4.473120        3.627104          7.89    4.26
CPU_time(ms) Kernel GPU_time(ms) TransferIn(ms) TransferOut(ms) Speedup_noTrf Speedup
   78.158241     0     0.000000       0.000000        0.000000           inf     inf
   78.158241     1     1.232896       9.407968        9.976512         63.39    3.79
   78.158241     2     0.770432       3.122048        1.828928        101.45   13.66
   78.158241     3     1.234944       7.053600        4.761056         63.29    5.99
   78.158241     4   368.859131       3.223584        1.529376          0.21    0.21
   78.158241     5     9.487200       3.189792        1.695200          8.24    5.44
CPU_time(ms) Kernel GPU_time(ms) TransferIn(ms) TransferOut(ms) Speedup_noTrf Speedup
   73.908989     0     0.000000       0.000000        0.000000           inf     inf
   73.908989     1     1.226944       3.862528        5.839840         60.24    6.76
   73.908989     2     0.796160       7.000608        4.829216         92.83    5.85
   73.908989     3     1.220160       3.175680        1.617696         60.57   12.29
   73.908989     4   368.736267       3.202976        1.540192          0.20    0.20
   73.908989     5     9.486592       3.152032        1.619072          7.79    5.18
CPU_time(ms) Kernel GPU_time(ms) TransferIn(ms) TransferOut(ms) Speedup_noTrf Speedup
   74.101921     0     0.000000       0.000000        0.000000           inf     inf
   74.101921     1     1.235776       9.327008       10.380512         59.96    3.54
   74.101921     2     0.771680       3.134016        1.954144         96.03   12.65
   74.101921     3     1.238080       6.971360        5.363552         59.85    5.46
   74.101921     4   368.769928       3.094080        1.640160          0.20    0.20
   74.101921     5     9.500160       6.981280        5.475264          7.80    3.37
