CPU_time(ms) Kernel GPU_time(ms) TransferIn(ms) TransferOut(ms) Speedup_noTrf Speedup
   56.928608     0     0.000000       0.000000        0.000000           inf     inf
   56.928608     1     1.171456      10.686496       11.079936         48.60    2.48
   56.928608     2     0.856064       7.778784        6.038848         66.50    3.88
   56.928608     3  2281.855713       3.104512        1.559712          0.02    0.02
   56.928608     4   520.255920       3.115680        1.652480          0.11    0.11
   56.928608     5     7.802656       3.158400        1.942272          7.30    4.41
CPU_time(ms) Kernel GPU_time(ms) TransferIn(ms) TransferOut(ms) Speedup_noTrf Speedup
   62.640511     0     0.000000       0.000000        0.000000           inf     inf
   62.640511     1     1.165312       4.077504        6.842208         53.75    5.18
   62.640511     2     0.853664       7.766880        6.036192         73.38    4.27
   62.640511     3  2281.388916       3.141792        1.625632          0.03    0.03
   62.640511     4   520.423279       4.011008        1.642304          0.12    0.12
   62.640511     5     7.802880       3.159744        1.697504          8.03    4.95
CPU_time(ms) Kernel GPU_time(ms) TransferIn(ms) TransferOut(ms) Speedup_noTrf Speedup
   65.964035     0     0.000000       0.000000        0.000000           inf     inf
   65.964035     1     1.174304      11.353344       11.109536         56.17    2.79
   65.964035     2     0.851968       7.308576        5.019552         77.43    5.00
   65.964035     3  2281.306152       4.115936        1.592480          0.03    0.03
   65.964035     4   520.404114       3.082528        1.510976          0.13    0.13
   65.964035     5     7.805984       3.233536        1.682048          8.45    5.19
CPU_time(ms) Kernel GPU_time(ms) TransferIn(ms) TransferOut(ms) Speedup_noTrf Speedup
   60.185791     0     0.000000       0.000000        0.000000           inf     inf
   60.185791     1     1.170080       8.067072        9.304032         51.44    3.25
   60.185791     2     0.837568       3.156448        1.584992         71.86   10.79
   60.185791     3  2281.035156       3.105280        1.539552          0.03    0.03
   60.185791     4   520.279541       3.119808        1.585152          0.12    0.11
   60.185791     5     7.814912       6.740064        4.718528          7.70    3.12
CPU_time(ms) Kernel GPU_time(ms) TransferIn(ms) TransferOut(ms) Speedup_noTrf Speedup
   70.975807     0     0.000000       0.000000        0.000000           inf     inf
   70.975807     1     1.162656       3.859520        5.891456         61.05    6.50
   70.975807     2     0.837632       3.134272        1.848832         84.73   12.19
   70.975807     3  2281.645508       3.111648        1.556288          0.03    0.03
   70.975807     4   522.350586       3.157120        1.599424          0.14    0.13
   70.975807     5     7.829504       3.277632        2.235072          9.07    5.32
CPU_time(ms) Kernel GPU_time(ms) TransferIn(ms) TransferOut(ms) Speedup_noTrf Speedup
   59.107010     0     0.000000       0.000000        0.000000           inf     inf
   59.107010     1     1.177600       8.255488        9.441888         50.19    3.13
   59.107010     2     0.842016       3.134464        1.763296         70.20   10.30
   59.107010     3  2299.248535       7.283520        1.553440          0.03    0.03
   59.107010     4   523.240662       3.133632        1.511360          0.11    0.11
   59.107010     5     7.829504       3.122688        1.699584          7.55    4.67
CPU_time(ms) Kernel GPU_time(ms) TransferIn(ms) TransferOut(ms) Speedup_noTrf Speedup
   57.382401     0     0.000000       0.000000        0.000000           inf     inf
   57.382401     1     1.169408       3.833952        5.878176         49.07    5.27
   57.382401     2     0.860000       7.609152        5.338496         66.72    4.16
   57.382401     3  2298.947510       3.093344        1.578080          0.02    0.02
   57.382401     4   523.716614       3.131040        1.523648          0.11    0.11
   57.382401     5     7.829920       3.102592        1.714816          7.33    4.54
CPU_time(ms) Kernel GPU_time(ms) TransferIn(ms) TransferOut(ms) Speedup_noTrf Speedup
   56.453793     0     0.000000       0.000000        0.000000           inf     inf
   56.453793     1     1.171264       3.953632        6.276288         48.20    4.95
   56.453793     2     0.843264       3.150496        1.814496         66.95    9.72
   56.453793     3  2299.046143       3.155712        1.527808          0.02    0.02
   56.453793     4   523.345947       3.143488        1.607520          0.11    0.11
   56.453793     5     7.830464       3.113760        1.602368          7.21    4.50
CPU_time(ms) Kernel GPU_time(ms) TransferIn(ms) TransferOut(ms) Speedup_noTrf Speedup
   56.770561     0     0.000000       0.000000        0.000000           inf     inf
   56.770561     1     1.175552       5.842944       10.780672         48.29    3.19
   56.770561     2     0.859584       7.297152        5.663200         66.04    4.11
   56.770561     3  2299.267090       3.144544        1.546272          0.02    0.02
   56.770561     4   523.141602       3.134848        1.635200          0.11    0.11
   56.770561     5     7.829504       3.115680        1.834880          7.25    4.44
CPU_time(ms) Kernel GPU_time(ms) TransferIn(ms) TransferOut(ms) Speedup_noTrf Speedup
   60.968193     0     0.000000       0.000000        0.000000           inf     inf
   60.968193     1     1.177600       9.451520       10.050592         51.77    2.95
   60.968193     2     0.860160       7.668288        5.345632         70.88    4.39
   60.968193     3  2297.589355       7.612480        1.577216          0.03    0.03
   60.968193     4   522.365723       6.170208        1.587968          0.12    0.12
   60.968193     5     7.810912       4.035680        1.633856          7.81    4.52
CPU_time(ms) Kernel GPU_time(ms) TransferIn(ms) TransferOut(ms) Speedup_noTrf Speedup
   56.281025     0     0.000000       0.000000        0.000000           inf     inf
   56.281025     1     1.171456       4.128512        6.608512         48.04    4.73
   56.281025     2     0.843776       3.183904        1.852160         66.70    9.57
   56.281025     3  2299.018066       3.118368        1.524992          0.02    0.02
   56.281025     4   523.460876       3.208384        1.515808          0.11    0.11
   56.281025     5     7.829504       3.192416        1.610912          7.19    4.46
CPU_time(ms) Kernel GPU_time(ms) TransferIn(ms) TransferOut(ms) Speedup_noTrf Speedup
   54.547585     0     0.000000       0.000000        0.000000           inf     inf
   54.547585     1     1.186720      11.374944       10.942720         45.97    2.32
   54.547585     2     0.847872       3.205376        1.809696         64.33    9.30
   54.547585     3  2315.620117       7.706816        1.569568          0.02    0.02
   54.547585     4   526.436340       3.259584        1.607328          0.10    0.10
   54.547585     5     7.875712       6.850656        4.729472          6.93    2.80
CPU_time(ms) Kernel GPU_time(ms) TransferIn(ms) TransferOut(ms) Speedup_noTrf Speedup
   52.048641     0     0.000000       0.000000        0.000000           inf     inf
   52.048641     1     1.185600       9.705152       10.162880         43.90    2.47
   52.048641     2     0.849408       3.170240        1.676544         61.28    9.14
   52.048641     3  2315.358398       3.104928        1.574944          0.02    0.02
   52.048641     4   526.283997       3.090304        1.593472          0.10    0.10
   52.048641     5     7.874624       6.777152        4.675200          6.61    2.69
CPU_time(ms) Kernel GPU_time(ms) TransferIn(ms) TransferOut(ms) Speedup_noTrf Speedup
   53.396576     0     0.000000       0.000000        0.000000           inf     inf
   53.396576     1     1.185504      10.506112       10.631872         45.04    2.39
   53.396576     2     0.860480       3.149216        1.633376         62.05    9.46
   53.396576     3  2315.364258       3.137664        1.544160          0.02    0.02
   53.396576     4   526.824219       6.143776        1.608000          0.10    0.10
   53.396576     5     7.858176       3.793824        1.533792          6.80    4.05
CPU_time(ms) Kernel GPU_time(ms) TransferIn(ms) TransferOut(ms) Speedup_noTrf Speedup
   57.940830     0     0.000000       0.000000        0.000000           inf     inf
   57.940830     1     1.186176       8.304352        9.428512         48.85    3.06
   57.940830     2     0.866304       7.805792        5.485184         66.88    4.09
   57.940830     3  2315.353516       4.111040        1.522240          0.03    0.02
   57.940830     4   526.278625       6.170624        1.525888          0.11    0.11
   57.940830     5     7.860448       3.301984        1.757952          7.37    4.48
CPU_time(ms) Kernel GPU_time(ms) TransferIn(ms) TransferOut(ms) Speedup_noTrf Speedup
   57.598591     0     0.000000       0.000000        0.000000           inf     inf
   57.598591     1     1.187392       8.766656        9.766816         48.51    2.92
   57.598591     2     0.848928       3.128736        1.624000         67.85   10.28
   57.598591     3  2315.471924       7.298528        1.527872          0.02    0.02
   57.598591     4   526.282837       3.132864        1.598304          0.11    0.11
   57.598591     5     7.860416       3.108992        1.609664          7.33    4.58
CPU_time(ms) Kernel GPU_time(ms) TransferIn(ms) TransferOut(ms) Speedup_noTrf Speedup
   56.608768     0     0.000000       0.000000        0.000000           inf     inf
   56.608768     1     1.180928       4.638208        7.653888         47.94    4.20
   56.608768     2     0.862656       7.277408        5.024256         65.62    4.30
   56.608768     3  2315.518066       3.230816        1.581184          0.02    0.02
   56.608768     4   526.336121       6.118016        1.516448          0.11    0.11
   56.608768     5     7.874560       6.927392        4.907424          7.19    2.87
CPU_time(ms) Kernel GPU_time(ms) TransferIn(ms) TransferOut(ms) Speedup_noTrf Speedup
   58.052063     0     0.000000       0.000000        0.000000           inf     inf
   58.052063     1     1.182944       5.063328        8.887232         49.07    3.84
   58.052063     2     0.849024       3.116832        1.794784         68.38   10.08
   58.052063     3  2315.437988       3.282144        1.566944          0.03    0.03
   58.052063     4   526.334045       7.035424        1.607008          0.11    0.11
   58.052063     5     7.871968       6.437952        4.373792          7.37    3.11
CPU_time(ms) Kernel GPU_time(ms) TransferIn(ms) TransferOut(ms) Speedup_noTrf Speedup
   56.305824     0     0.000000       0.000000        0.000000           inf     inf
   56.305824     1     1.185536       9.656320       10.650848         47.49    2.62
   56.305824     2     0.867872       8.030624        6.052000         64.88    3.77
   56.305824     3  2315.568115       3.407904        1.561792          0.02    0.02
   56.305824     4   526.439880       6.988832        1.674080          0.11    0.11
   56.305824     5     7.874112       7.038720        5.395008          7.15    2.77
CPU_time(ms) Kernel GPU_time(ms) TransferIn(ms) TransferOut(ms) Speedup_noTrf Speedup
   51.231232     0     0.000000       0.000000        0.000000           inf     inf
   51.231232     1     1.179776       4.411392        7.271776         43.42    3.98
   51.231232     2     0.863200       7.510272        5.343360         59.35    3.73
   51.231232     3  2315.485107       3.235424        1.576352          0.02    0.02
   51.231232     4   526.107056       3.193408        1.599040          0.10    0.10
   51.231232     5     7.860064       3.223040        1.801792          6.52    3.98
CPU_time(ms) Kernel GPU_time(ms) TransferIn(ms) TransferOut(ms) Speedup_noTrf Speedup
   58.087681     0     0.000000       0.000000        0.000000           inf     inf
   58.087681     1     1.189792      11.161600       10.821248         48.82    2.51
   58.087681     2     0.849920       3.309376        2.161248         68.34    9.19
   58.087681     3  2317.047607       3.293792        1.584576          0.03    0.03
   58.087681     4   526.173828       6.409152        1.606752          0.11    0.11
   58.087681     5     7.874720       7.043584        4.941664          7.38    2.92
CPU_time(ms) Kernel GPU_time(ms) TransferIn(ms) TransferOut(ms) Speedup_noTrf Speedup
   60.574623     0     0.000000       0.000000        0.000000           inf     inf
   60.574623     1     1.185792      10.095200       10.273408         51.08    2.81
   60.574623     2     0.863808       7.315424        4.921536         70.13    4.62
   60.574623     3  2317.195557       3.196512        1.510080          0.03    0.03
   60.574623     4   526.427979       4.105952        1.525056          0.12    0.11
   60.574623     5     7.874048       6.617952        4.705536          7.69    3.16
CPU_time(ms) Kernel GPU_time(ms) TransferIn(ms) TransferOut(ms) Speedup_noTrf Speedup
   72.381981     0     0.000000       0.000000        0.000000           inf     inf
   72.381981     1     1.184512       8.682240        9.698400         61.11    3.70
   72.381981     2     0.845888       3.152416        1.680768         85.57   12.75
   72.381981     3  2316.563721       7.731872        1.541248          0.03    0.03
   72.381981     4   526.585510       6.583392        1.592672          0.14    0.14
   72.381981     5     7.861504       3.261568        1.992160          9.21    5.52
CPU_time(ms) Kernel GPU_time(ms) TransferIn(ms) TransferOut(ms) Speedup_noTrf Speedup
   56.262657     0     0.000000       0.000000        0.000000           inf     inf
   56.262657     1     1.185312       9.904128       10.265216         47.47    2.63
   56.262657     2     0.864640       7.548768        5.275360         65.07    4.11
   56.262657     3  2317.965332       7.689184        1.512544          0.02    0.02
   56.262657     4   526.463379       3.135904        1.545632          0.11    0.11
   56.262657     5     7.873504       6.737632        4.699808          7.15    2.91
CPU_time(ms) Kernel GPU_time(ms) TransferIn(ms) TransferOut(ms) Speedup_noTrf Speedup
   56.681023     0     0.000000       0.000000        0.000000           inf     inf
   56.681023     1     1.188128      10.663424       10.499232         47.71    2.54
   56.681023     2     0.862208       7.364736        5.115808         65.74    4.25
   56.681023     3  2316.257324       7.274400        1.505216          0.02    0.02
   56.681023     4   526.399475       6.147136        1.580704          0.11    0.11
   56.681023     5     7.872512       6.414304        4.339392          7.20    3.04
CPU_time(ms) Kernel GPU_time(ms) TransferIn(ms) TransferOut(ms) Speedup_noTrf Speedup
   60.190720     0     0.000000       0.000000        0.000000           inf     inf
   60.190720     1     1.179264       4.382720        7.283840         51.04    4.69
   60.190720     2     0.863424       7.273248        5.053120         69.71    4.56
   60.190720     3  2316.683838       5.660672        1.575744          0.03    0.03
   60.190720     4   526.558350       3.159712        1.586112          0.11    0.11
   60.190720     5     7.860768       3.130368        1.761760          7.66    4.72
CPU_time(ms) Kernel GPU_time(ms) TransferIn(ms) TransferOut(ms) Speedup_noTrf Speedup
   68.739075     0     0.000000       0.000000        0.000000           inf     inf
   68.739075     1     1.188864      11.583296       11.350592         57.82    2.85
   68.739075     2     0.849920       3.362560        2.237856         80.88   10.66
   68.739075     3  2316.826416       7.526368        1.578176          0.03    0.03
   68.739075     4   526.430237       3.128512        1.603264          0.13    0.13
   68.739075     5     7.874272       6.732992        4.730048          8.73    3.55
CPU_time(ms) Kernel GPU_time(ms) TransferIn(ms) TransferOut(ms) Speedup_noTrf Speedup
   57.022465     0     0.000000       0.000000        0.000000           inf     inf
   57.022465     1     1.185632       8.934368        9.757376         48.09    2.87
   57.022465     2     0.864416       7.701152        5.433856         65.97    4.07
   57.022465     3  2317.187988       7.811136        1.531232          0.02    0.02
   57.022465     4   526.442627       3.181184        1.581216          0.11    0.11
   57.022465     5     7.862880       3.418976        2.413952          7.25    4.16
CPU_time(ms) Kernel GPU_time(ms) TransferIn(ms) TransferOut(ms) Speedup_noTrf Speedup
   68.379105     0     0.000000       0.000000        0.000000           inf     inf
   68.379105     1     1.184672      10.434656       11.177952         57.72    3.00
   68.379105     2     0.846080       3.108992        1.881344         80.82   11.72
   68.379105     3  2315.946045       7.793792        1.549120          0.03    0.03
   68.379105     4   526.368286       3.152224        1.657440          0.13    0.13
   68.379105     5     7.860224       3.156000        1.718880          8.70    5.37
CPU_time(ms) Kernel GPU_time(ms) TransferIn(ms) TransferOut(ms) Speedup_noTrf Speedup
   55.602242     0     0.000000       0.000000        0.000000           inf     inf
   55.602242     1     1.185344      10.674240       10.742464         46.91    2.46
   55.602242     2     0.864000       7.329600        5.042304         64.35    4.20
   55.602242     3  2318.723145       3.168032        1.528832          0.02    0.02
   55.602242     4   526.523865       3.170368        1.604192          0.11    0.10
   55.602242     5     7.858176       3.151456        1.575072          7.08    4.42
CPU_time(ms) Kernel GPU_time(ms) TransferIn(ms) TransferOut(ms) Speedup_noTrf Speedup
   54.986752     0     0.000000       0.000000        0.000000           inf     inf
   54.986752     1     1.184384      10.277024       10.356704         46.43    2.52
   54.986752     2     0.847872       3.109760        1.773312         64.85    9.59
   54.986752     3  2316.517334       7.290016        1.505184          0.02    0.02
   54.986752     4   526.617432       4.070752        1.606400          0.10    0.10
   54.986752     5     7.874048       6.428416        4.409888          6.98    2.94
CPU_time(ms) Kernel GPU_time(ms) TransferIn(ms) TransferOut(ms) Speedup_noTrf Speedup
   61.975327     0     0.000000       0.000000        0.000000           inf     inf
   61.975327     1     1.188640       4.106240        6.891904         52.14    5.09
   61.975327     2     0.868832       7.496896        5.932960         71.33    4.33
   61.975327     3  2335.254883       3.126720        1.606496          0.03    0.03
   61.975327     4   529.748413       3.134976        1.653952          0.12    0.12
   61.975327     5     7.904704       6.395232        4.965632          7.84    3.22
CPU_time(ms) Kernel GPU_time(ms) TransferIn(ms) TransferOut(ms) Speedup_noTrf Speedup
   57.862431     0     0.000000       0.000000        0.000000           inf     inf
   57.862431     1     1.194272       9.238176        9.932864         48.45    2.84
   57.862431     2     0.869280       7.273696        5.154048         66.56    4.35
   57.862431     3  2336.641113       3.145568        1.528448          0.02    0.02
   57.862431     4   530.142578       4.559392        1.594656          0.11    0.11
   57.862431     5     7.890944       3.956160        1.612160          7.33    4.30
CPU_time(ms) Kernel GPU_time(ms) TransferIn(ms) TransferOut(ms) Speedup_noTrf Speedup
   59.647999     0     0.000000       0.000000        0.000000           inf     inf
   59.647999     1     1.195296       8.649696        9.617536         49.90    3.06
   59.647999     2     0.871808       7.287968        5.028032         68.42    4.52
   59.647999     3  2336.020996       3.812704        1.525248          0.03    0.03
   59.647999     4   529.715027       3.133280        1.542752          0.11    0.11
   59.647999     5     7.894816       3.143680        1.607136          7.56    4.72
CPU_time(ms) Kernel GPU_time(ms) TransferIn(ms) TransferOut(ms) Speedup_noTrf Speedup
   54.753281     0     0.000000       0.000000        0.000000           inf     inf
   54.753281     1     1.189536       4.110336        6.542816         46.03    4.62
   54.753281     2     0.870496       7.316800        5.015488         62.90    4.15
   54.753281     3  2336.111084       3.132096        1.529632          0.02    0.02
   54.753281     4   530.130737       3.178976        1.527200          0.10    0.10
   54.753281     5     7.892992       3.165280        1.577120          6.94    4.33
CPU_time(ms) Kernel GPU_time(ms) TransferIn(ms) TransferOut(ms) Speedup_noTrf Speedup
   54.568958     0     0.000000       0.000000        0.000000           inf     inf
   54.568958     1     1.192032       4.540704        8.428448         45.78    3.85
   54.568958     2     0.860160       3.968096        3.449568         63.44    6.59
   54.568958     3  2336.014160       7.291584        1.553504          0.02    0.02
   54.568958     4   529.971619       3.128544        1.640640          0.10    0.10
   54.568958     5     7.906240       6.695424        5.335456          6.90    2.74
CPU_time(ms) Kernel GPU_time(ms) TransferIn(ms) TransferOut(ms) Speedup_noTrf Speedup
   58.321056     0     0.000000       0.000000        0.000000           inf     inf
   58.321056     1     1.188352       4.044800        6.420544         49.08    5.00
   58.321056     2     0.869728       7.290112        4.983264         67.06    4.44
   58.321056     3  2336.172852       3.085600        1.516224          0.02    0.02
   58.321056     4   529.958130       6.137728        1.589056          0.11    0.11
   58.321056     5     7.892832       3.120544        1.609408          7.39    4.62
CPU_time(ms) Kernel GPU_time(ms) TransferIn(ms) TransferOut(ms) Speedup_noTrf Speedup
   59.428864     0     0.000000       0.000000        0.000000           inf     inf
   59.428864     1     1.188704       4.444064        7.208864         49.99    4.63
   59.428864     2     0.854208       3.178976        1.779488         69.57   10.22
   59.428864     3  2336.104492       7.981888        1.540000          0.03    0.03
   59.428864     4   530.167786       3.169440        1.609856          0.11    0.11
   59.428864     5     7.891776       3.205536        1.530784          7.53    4.71
CPU_time(ms) Kernel GPU_time(ms) TransferIn(ms) TransferOut(ms) Speedup_noTrf Speedup
   50.900162     0     0.000000       0.000000        0.000000           inf     inf
   50.900162     1     1.188352       4.292608        6.963840         42.83    4.09
   50.900162     2     0.853184       3.145056        1.872576         59.66    8.67
   50.900162     3  2336.471436       7.525152        1.566976          0.02    0.02
   50.900162     4   530.336426       3.157984        1.597600          0.10    0.10
   50.900162     5     7.892960       3.196064        1.645120          6.45    4.00
CPU_time(ms) Kernel GPU_time(ms) TransferIn(ms) TransferOut(ms) Speedup_noTrf Speedup
   56.616257     0     0.000000       0.000000        0.000000           inf     inf
   56.616257     1     1.188256       4.321568        6.996544         47.65    4.53
   56.616257     2     0.852864       3.202688        1.642464         66.38    9.94
   56.616257     3  2335.569824       3.145888        1.582208          0.02    0.02
   56.616257     4   530.241516       3.181600        1.531072          0.11    0.11
   56.616257     5     7.909376       7.281216        5.170336          7.16    2.78
CPU_time(ms) Kernel GPU_time(ms) TransferIn(ms) TransferOut(ms) Speedup_noTrf Speedup
   55.747967     0     0.000000       0.000000        0.000000           inf     inf
   55.747967     1     1.187840       3.890816        6.482400         46.93    4.82
   55.747967     2     0.852864       3.118048        1.801312         65.37    9.66
   55.747967     3  2335.813721       3.132448        1.509344          0.02    0.02
   55.747967     4   530.053101       3.121824        1.592384          0.11    0.10
   55.747967     5     7.890944       3.123104        1.760512          7.06    4.36
CPU_time(ms) Kernel GPU_time(ms) TransferIn(ms) TransferOut(ms) Speedup_noTrf Speedup
   56.944641     0     0.000000       0.000000        0.000000           inf     inf
   56.944641     1     1.189440       4.281504        6.940608         47.88    4.59
   56.944641     2     0.854016       3.118144        1.741824         66.68    9.97
   56.944641     3  2335.757568       3.155232        1.514752          0.02    0.02
   56.944641     4   530.180603       3.141728        1.590112          0.11    0.11
   56.944641     5     7.892160       3.136352        1.602240          7.22    4.51
CPU_time(ms) Kernel GPU_time(ms) TransferIn(ms) TransferOut(ms) Speedup_noTrf Speedup
   56.301281     0     0.000000       0.000000        0.000000           inf     inf
   56.301281     1     1.189888       4.392480        7.359232         47.32    4.35
   56.301281     2     0.854400       3.145600        1.585984         65.90   10.08
   56.301281     3  2335.774658       5.071712        1.539616          0.02    0.02
   56.301281     4   530.139160       6.145856        1.547232          0.11    0.10
   56.301281     5     7.892768       3.130816        1.620224          7.13    4.45
CPU_time(ms) Kernel GPU_time(ms) TransferIn(ms) TransferOut(ms) Speedup_noTrf Speedup
   56.145920     0     0.000000       0.000000        0.000000           inf     inf
   56.145920     1     1.187840       4.038176        6.729856         47.27    4.70
   56.145920     2     0.870144       7.304640        5.644800         64.52    4.06
   56.145920     3  2336.006104       3.138880        1.617216          0.02    0.02
   56.145920     4   530.096619       5.945440        1.667424          0.11    0.10
   56.145920     5     7.903616       6.155712        4.726144          7.10    2.99
CPU_time(ms) Kernel GPU_time(ms) TransferIn(ms) TransferOut(ms) Speedup_noTrf Speedup
   59.790146     0     0.000000       0.000000        0.000000           inf     inf
   59.790146     1     1.189888       4.705632        7.868160         50.25    4.34
   59.790146     2     0.854688       3.154752        1.794752         69.96   10.30
   59.790146     3  2335.931641       3.197888        1.544576          0.03    0.03
   59.790146     4   530.022156       3.168096        1.543264          0.11    0.11
   59.790146     5     7.892992       3.153408        1.636896          7.58    4.71
CPU_time(ms) Kernel GPU_time(ms) TransferIn(ms) TransferOut(ms) Speedup_noTrf Speedup
   55.937569     0     0.000000       0.000000        0.000000           inf     inf
   55.937569     1     1.194400       8.123904        9.294592         46.83    3.01
   55.937569     2     0.853856       3.134976        1.795584         65.51    9.67
   55.937569     3  2336.161865       4.156960        1.585344          0.02    0.02
   55.937569     4   530.089783       3.125472        1.609184          0.11    0.10
   55.937569     5     7.892992       3.115680        1.747072          7.09    4.39
CPU_time(ms) Kernel GPU_time(ms) TransferIn(ms) TransferOut(ms) Speedup_noTrf Speedup
   54.878754     0     0.000000       0.000000        0.000000           inf     inf
   54.878754     1     1.188992       4.191872        7.022816         46.16    4.42
   54.878754     2     0.853984       3.149792        1.677248         64.26    9.66
   54.878754     3  2336.513672       3.159392        1.598880          0.02    0.02
   54.878754     4   529.760376       6.625088        1.684224          0.10    0.10
   54.878754     5     7.896608       3.278432        2.240288          6.95    4.09
CPU_time(ms) Kernel GPU_time(ms) TransferIn(ms) TransferOut(ms) Speedup_noTrf Speedup
   56.018944     0     0.000000       0.000000        0.000000           inf     inf
   56.018944     1     1.188768       4.353696        7.157440         47.12    4.41
   56.018944     2     0.854016       3.158432        1.840768         65.59    9.57
   56.018944     3  2335.909912       3.159936        1.586880          0.02    0.02
   56.018944     4   529.928650       3.887136        1.520384          0.11    0.10
   56.018944     5     7.892768       3.152512        1.605920          7.10    4.43
CPU_time(ms) Kernel GPU_time(ms) TransferIn(ms) TransferOut(ms) Speedup_noTrf Speedup
   53.921791     0     0.000000       0.000000        0.000000           inf     inf
   53.921791     1     1.188256       4.331168        7.012192         45.38    4.30
   53.921791     2     0.852960       3.215392        1.713472         63.22    9.33
   53.921791     3  2336.206787       3.126624        1.597312          0.02    0.02
   53.921791     4   529.997803       3.174272        1.556064          0.10    0.10
   53.921791     5     7.890944       4.235232        1.607808          6.83    3.93
CPU_time(ms) Kernel GPU_time(ms) TransferIn(ms) TransferOut(ms) Speedup_noTrf Speedup
   57.799999     0     0.000000       0.000000        0.000000           inf     inf
   57.799999     1     1.189920       4.452640        7.102048         48.57    4.54
   57.799999     2     0.854560       3.143232        1.744320         67.64   10.07
   57.799999     3  2336.670410       3.145312        1.513952          0.02    0.02
   57.799999     4   529.944458       3.977120        1.603520          0.11    0.11
   57.799999     5     7.907328       6.621984        4.618688          7.31    3.02
CPU_time(ms) Kernel GPU_time(ms) TransferIn(ms) TransferOut(ms) Speedup_noTrf Speedup
   51.148193     0     0.000000       0.000000        0.000000           inf     inf
   51.148193     1     1.204384       8.944480        9.745472         42.47    2.57
   51.148193     2     0.860160       3.171936        1.614624         59.46    9.06
   51.148193     3  2353.112061       7.722400        1.582400          0.02    0.02
   51.148193     4   532.887573       3.145888        1.520672          0.10    0.10
   51.148193     5     7.923808       3.806528        1.589536          6.46    3.84
CPU_time(ms) Kernel GPU_time(ms) TransferIn(ms) TransferOut(ms) Speedup_noTrf Speedup
   56.652767     0     0.000000       0.000000        0.000000           inf     inf
   56.652767     1     1.197504       4.364864        7.147232         47.31    4.46
   56.652767     2     0.860096       3.130272        1.713024         65.87    9.93
   56.652767     3  2352.937256       3.876288        1.542144          0.02    0.02
   56.652767     4   533.024841       3.126464        1.615584          0.11    0.11
   56.652767     5     7.938144       7.297600        5.101248          7.14    2.79
CPU_time(ms) Kernel GPU_time(ms) TransferIn(ms) TransferOut(ms) Speedup_noTrf Speedup
   52.375458     0     0.000000       0.000000        0.000000           inf     inf
   52.375458     1     1.198080       4.490048        7.583200         43.72    3.95
   52.375458     2     0.858112       3.140960        1.765696         61.04    9.09
   52.375458     3  2353.988281       7.285888        1.517440          0.02    0.02
   52.375458     4   533.016602       3.130880        1.597024          0.10    0.10
   52.375458     5     7.938016       6.479936        4.190304          6.60    2.81
CPU_time(ms) Kernel GPU_time(ms) TransferIn(ms) TransferOut(ms) Speedup_noTrf Speedup
   60.265568     0     0.000000       0.000000        0.000000           inf     inf
   60.265568     1     1.196736       4.005888        6.764032         50.36    5.04
   60.265568     2     0.858720       3.108832        1.910752         70.18   10.25
   60.265568     3  2352.960205       7.887456        1.619424          0.03    0.03
   60.265568     4   532.996094       3.110144        1.656512          0.11    0.11
   60.265568     5     7.924736       3.114304        1.908352          7.60    4.65
CPU_time(ms) Kernel GPU_time(ms) TransferIn(ms) TransferOut(ms) Speedup_noTrf Speedup
   55.019520     0     0.000000       0.000000        0.000000           inf     inf
   55.019520     1     1.204224      10.270752       11.106368         45.69    2.44
   55.019520     2     0.859328       3.173600        1.891872         64.03    9.29
   55.019520     3  2353.174316       3.098400        1.621664          0.02    0.02
   55.019520     4   533.398926       6.129312        1.634848          0.10    0.10
   55.019520     5     7.925600       3.146560        1.790752          6.94    4.28
CPU_time(ms) Kernel GPU_time(ms) TransferIn(ms) TransferOut(ms) Speedup_noTrf Speedup
   59.319298     0     0.000000       0.000000        0.000000           inf     inf
   59.319298     1     1.202816       8.943072        9.807712         49.32    2.97
   59.319298     2     0.875968       7.321760        4.994912         67.72    4.50
   59.319298     3  2352.783447       3.125600        1.577376          0.03    0.03
   59.319298     4   532.806091       3.126656        1.513728          0.11    0.11
   59.319298     5     7.923712       3.126304        1.694880          7.49    4.65
CPU_time(ms) Kernel GPU_time(ms) TransferIn(ms) TransferOut(ms) Speedup_noTrf Speedup
   53.072990     0     0.000000       0.000000        0.000000           inf     inf
   53.072990     1     1.204224       9.445376       10.094592         44.07    2.56
   53.072990     2     0.859072       3.129440        1.622720         61.78    9.46
   53.072990     3  2352.777588       3.099968        1.552736          0.02    0.02
   53.072990     4   533.252075       3.101792        1.658368          0.10    0.10
   53.072990     5     7.935040       3.147712        1.635776          6.69    4.17
CPU_time(ms) Kernel GPU_time(ms) TransferIn(ms) TransferOut(ms) Speedup_noTrf Speedup
   56.086815     0     0.000000       0.000000        0.000000           inf     inf
   56.086815     1     1.198080       4.050816        6.955104         46.81    4.60
   56.086815     2     0.860064       3.121632        1.764800         65.21    9.76
   56.086815     3  2352.810547       3.129088        1.515360          0.02    0.02
   56.086815     4   532.993896       3.193152        1.538656          0.11    0.10
   56.086815     5     7.925184       3.115200        1.768576          7.08    4.38
CPU_time(ms) Kernel GPU_time(ms) TransferIn(ms) TransferOut(ms) Speedup_noTrf Speedup
   66.810081     0     0.000000       0.000000        0.000000           inf     inf
   66.810081     1     1.198080       4.367904        7.039712         55.76    5.30
   66.810081     2     0.860160       3.137856        1.758560         77.67   11.61
   66.810081     3  2352.831055       3.166336        1.510304          0.03    0.03
   66.810081     4   532.989929       3.160736        1.590816          0.13    0.12
   66.810081     5     7.938080       6.176032        4.239872          8.42    3.64
CPU_time(ms) Kernel GPU_time(ms) TransferIn(ms) TransferOut(ms) Speedup_noTrf Speedup
   54.570721     0     0.000000       0.000000        0.000000           inf     inf
   54.570721     1     1.197888       4.105696        6.509824         45.56    4.62
   54.570721     2     0.858656       3.129184        1.828224         63.55    9.38
   54.570721     3  2353.332275       7.311488        1.585248          0.02    0.02
   54.570721     4   533.020325       3.087968        1.593504          0.10    0.10
   54.570721     5     7.926112       3.172480        1.690368          6.88    4.27
CPU_time(ms) Kernel GPU_time(ms) TransferIn(ms) TransferOut(ms) Speedup_noTrf Speedup
   53.671520     0     0.000000       0.000000        0.000000           inf     inf
   53.671520     1     1.196288       3.888512        5.832928         44.87    4.92
   53.671520     2     0.876544       7.270976        4.957920         61.23    4.10
   53.671520     3  2353.040527       3.140448        1.542432          0.02    0.02
   53.671520     4   533.193420       3.298016        1.600576          0.10    0.10
   53.671520     5     7.925760       3.169952        1.614048          6.77    4.22
CPU_time(ms) Kernel GPU_time(ms) TransferIn(ms) TransferOut(ms) Speedup_noTrf Speedup
   55.619583     0     0.000000       0.000000        0.000000           inf     inf
   55.619583     1     1.198016       4.354048        7.058304         46.43    4.41
   55.619583     2     0.859584       3.158752        1.616384         64.71    9.87
   55.619583     3  2353.167725       3.169120        1.521152          0.02    0.02
   55.619583     4   533.280884       3.151008        1.523552          0.10    0.10
   55.619583     5     7.923552       3.149056        1.690112          7.02    4.36
CPU_time(ms) Kernel GPU_time(ms) TransferIn(ms) TransferOut(ms) Speedup_noTrf Speedup
   54.627327     0     0.000000       0.000000        0.000000           inf     inf
   54.627327     1     1.208544      11.933632       11.727008         45.20    2.20
   54.627327     2     0.860160       3.156992        1.814592         63.51    9.37
   54.627327     3  2352.953125       3.165216        1.526400          0.02    0.02
   54.627327     4   533.273315       3.142464        1.604736          0.10    0.10
   54.627327     5     7.925760       3.170016        1.637344          6.89    4.29
CPU_time(ms) Kernel GPU_time(ms) TransferIn(ms) TransferOut(ms) Speedup_noTrf Speedup
   56.162689     0     0.000000       0.000000        0.000000           inf     inf
   56.162689     1     1.198112       4.047680        6.357920         46.88    4.84
   56.162689     2     0.860224       3.133888        1.797792         65.29    9.70
   56.162689     3  2353.208740       3.137280        1.557568          0.02    0.02
   56.162689     4   533.141907       3.136096        1.604768          0.11    0.10
   56.162689     5     7.940992       7.042752        4.895104          7.07    2.83
CPU_time(ms) Kernel GPU_time(ms) TransferIn(ms) TransferOut(ms) Speedup_noTrf Speedup
   54.046432     0     0.000000       0.000000        0.000000           inf     inf
   54.046432     1     1.204320      10.061120       10.953728         44.88    2.43
   54.046432     2     0.874496       7.310272        5.621536         61.80    3.91
   54.046432     3  2353.106934       3.105216        1.544480          0.02    0.02
   54.046432     4   532.988281       3.228928        1.577824          0.10    0.10
   54.046432     5     7.923712       3.118048        1.720416          6.82    4.23
CPU_time(ms) Kernel GPU_time(ms) TransferIn(ms) TransferOut(ms) Speedup_noTrf Speedup
   59.365311     0     0.000000       0.000000        0.000000           inf     inf
   59.365311     1     1.199552       4.456256        7.146880         49.49    4.64
   59.365311     2     0.859936       3.275904        1.574912         69.03   10.40
   59.365311     3  2353.122070       3.128128        1.587008          0.03    0.03
   59.365311     4   533.056458       3.171904        1.549792          0.11    0.11
   59.365311     5     7.941856       7.035904        4.610272          7.47    3.03
CPU_time(ms) Kernel GPU_time(ms) TransferIn(ms) TransferOut(ms) Speedup_noTrf Speedup
   55.020386     0     0.000000       0.000000        0.000000           inf     inf
   55.020386     1     1.209024      11.122144       11.428672         45.51    2.32
   55.020386     2     0.858336       3.153376        1.647040         64.10    9.72
   55.020386     3  2352.963623       3.132160        1.552768          0.02    0.02
   55.020386     4   533.041138       6.417120        1.613024          0.10    0.10
   55.020386     5     7.939968       7.025248        5.526688          6.93    2.68
CPU_time(ms) Kernel GPU_time(ms) TransferIn(ms) TransferOut(ms) Speedup_noTrf Speedup
   56.825855     0     0.000000       0.000000        0.000000           inf     inf
   56.825855     1     1.198080       4.114432        6.496000         47.43    4.81
   56.825855     2     0.859904       3.155648        1.756128         66.08    9.85
   56.825855     3  2353.381592       3.158304        1.571552          0.02    0.02
   56.825855     4   533.077393       3.113184        1.585920          0.11    0.11
   56.825855     5     7.923808       3.122272        1.846368          7.17    4.41
CPU_time(ms) Kernel GPU_time(ms) TransferIn(ms) TransferOut(ms) Speedup_noTrf Speedup
   61.347553     0     0.000000       0.000000        0.000000           inf     inf
   61.347553     1     1.204224       8.761344        9.632192         50.94    3.13
   61.347553     2     0.859936       3.144224        1.615872         71.34   10.92
   61.347553     3  2353.190918       3.154656        1.554048          0.03    0.03
   61.347553     4   533.284729       6.585216        1.624768          0.12    0.11
   61.347553     5     7.938048       6.599584        4.690624          7.73    3.19
CPU_time(ms) Kernel GPU_time(ms) TransferIn(ms) TransferOut(ms) Speedup_noTrf Speedup
   63.410721     0     0.000000       0.000000        0.000000           inf     inf
   63.410721     1     1.197888       4.075520        6.519008         52.94    5.38
   63.410721     2     0.858560       3.118560        1.743488         73.86   11.08
   63.410721     3  2354.244873       7.353792        1.508672          0.03    0.03
   63.410721     4   533.256531       6.117440        1.527520          0.12    0.12
   63.410721     5     7.937536       6.112704        4.249344          7.99    3.47
CPU_time(ms) Kernel GPU_time(ms) TransferIn(ms) TransferOut(ms) Speedup_noTrf Speedup
   58.994465     0     0.000000       0.000000        0.000000           inf     inf
   58.994465     1     1.198080       4.094592        6.434496         49.24    5.03
   58.994465     2     0.859936       3.140896        1.757728         68.60   10.24
   58.994465     3  2352.996338       3.124736        1.560512          0.03    0.03
   58.994465     4   533.063232       3.159648        1.526368          0.11    0.11
   58.994465     5     7.925760       3.164704        1.603424          7.44    4.65
CPU_time(ms) Kernel GPU_time(ms) TransferIn(ms) TransferOut(ms) Speedup_noTrf Speedup
   56.742207     0     0.000000       0.000000        0.000000           inf     inf
   56.742207     1     1.198080       4.015872        6.243072         47.36    4.95
   56.742207     2     0.862208       3.379840        1.818368         65.81    9.36
   56.742207     3  2352.946045       3.152352        1.504576          0.02    0.02
   56.742207     4   533.549316       6.423808        1.605728          0.11    0.10
   56.742207     5     7.925952       3.129440        1.704672          7.16    4.45
CPU_time(ms) Kernel GPU_time(ms) TransferIn(ms) TransferOut(ms) Speedup_noTrf Speedup
   56.416256     0     0.000000       0.000000        0.000000           inf     inf
   56.416256     1     1.197440       4.126112        6.548544         47.11    4.75
   56.416256     2     0.860512       3.202080        1.962144         65.56    9.36
   56.416256     3  2353.041260       3.133952        1.572736          0.02    0.02
   56.416256     4   533.002686       4.294976        1.626880          0.11    0.10
   56.416256     5     7.941376       7.284256        5.099456          7.10    2.78
CPU_time(ms) Kernel GPU_time(ms) TransferIn(ms) TransferOut(ms) Speedup_noTrf Speedup
   64.509598     0     0.000000       0.000000        0.000000           inf     inf
   64.509598     1     1.210304      11.601216       11.190272         53.30    2.69
   64.509598     2     0.860160       3.153184        1.874752         75.00   10.96
   64.509598     3  2353.210449       3.125472        1.506720          0.03    0.03
   64.509598     4   533.491699       3.120288        1.515136          0.12    0.12
   64.509598     5     7.925760       3.120000        1.723712          8.14    5.05
CPU_time(ms) Kernel GPU_time(ms) TransferIn(ms) TransferOut(ms) Speedup_noTrf Speedup
   56.487488     0     0.000000       0.000000        0.000000           inf     inf
   56.487488     1     1.204224      10.448896       10.586880         46.91    2.54
   56.487488     2     0.876544       7.332928        4.968800         64.44    4.29
   56.487488     3  2353.479980       7.264512        1.604288          0.02    0.02
   56.487488     4   533.346741       4.276320        1.612064          0.11    0.10
   56.487488     5     7.938752       6.847264        4.402080          7.12    2.94
CPU_time(ms) Kernel GPU_time(ms) TransferIn(ms) TransferOut(ms) Speedup_noTrf Speedup
   55.996414     0     0.000000       0.000000        0.000000           inf     inf
   55.996414     1     1.197600       4.282368        7.000096         46.76    4.49
   55.996414     2     0.875008       7.483840        5.338816         64.00    4.09
   55.996414     3  2353.188232       3.191392        1.530176          0.02    0.02
   55.996414     4   533.182434       3.500704        1.599616          0.11    0.10
   55.996414     5     7.925344       3.157728        1.601280          7.07    4.41
CPU_time(ms) Kernel GPU_time(ms) TransferIn(ms) TransferOut(ms) Speedup_noTrf Speedup
   52.168575     0     0.000000       0.000000        0.000000           inf     inf
   52.168575     1     1.210368      11.054304       10.819360         43.10    2.26
   52.168575     2     0.876320       7.542368        5.233088         59.53    3.82
   52.168575     3  2352.892090       3.151488        1.588544          0.02    0.02
   52.168575     4   533.038147       3.204576        1.612288          0.10    0.10
   52.168575     5     7.924864       3.113696        1.714400          6.58    4.09
CPU_time(ms) Kernel GPU_time(ms) TransferIn(ms) TransferOut(ms) Speedup_noTrf Speedup
   59.839359     0     0.000000       0.000000        0.000000           inf     inf
   59.839359     1     1.208320      10.788768       10.651360         49.52    2.64
   59.839359     2     0.875392       7.271680        5.163168         68.36    4.50
   59.839359     3  2353.274658       3.379232        1.584192          0.03    0.03
   59.839359     4   533.084717       3.164768        1.551328          0.11    0.11
   59.839359     5     7.927168       3.214656        1.783104          7.55    4.63
CPU_time(ms) Kernel GPU_time(ms) TransferIn(ms) TransferOut(ms) Speedup_noTrf Speedup
   59.757278     0     0.000000       0.000000        0.000000           inf     inf
   59.757278     1     1.196608       3.876864        6.034496         49.94    5.38
   59.757278     2     0.876128       7.322496        5.076000         68.21    4.50
   59.757278     3  2353.213379       3.125888        1.543936          0.03    0.03
   59.757278     4   533.078064       3.099264        1.601504          0.11    0.11
   59.757278     5     7.940448       6.729408        4.657280          7.53    3.09
CPU_time(ms) Kernel GPU_time(ms) TransferIn(ms) TransferOut(ms) Speedup_noTrf Speedup
   57.008766     0     0.000000       0.000000        0.000000           inf     inf
   57.008766     1     1.204224       9.177344        9.770176         47.34    2.83
   57.008766     2     0.874496       7.278912        5.060160         65.19    4.31
   57.008766     3  2353.295654       3.128672        1.524704          0.02    0.02
   57.008766     4   533.078003       3.122432        1.600704          0.11    0.11
   57.008766     5     7.925792       3.102880        1.827200          7.19    4.43
CPU_time(ms) Kernel GPU_time(ms) TransferIn(ms) TransferOut(ms) Speedup_noTrf Speedup
   59.727871     0     0.000000       0.000000        0.000000           inf     inf
   59.727871     1     1.196192       3.958784        6.073376         49.93    5.32
   59.727871     2     0.859616       3.151200        1.839712         69.48   10.21
   59.727871     3  2353.090332       3.232832        1.536512          0.03    0.03
   59.727871     4   532.865051       3.121568        1.603392          0.11    0.11
   59.727871     5     7.924704       3.224192        1.717696          7.54    4.64
CPU_time(ms) Kernel GPU_time(ms) TransferIn(ms) TransferOut(ms) Speedup_noTrf Speedup
   57.696320     0     0.000000       0.000000        0.000000           inf     inf
   57.696320     1     1.196224       3.839168        5.887040         48.23    5.28
   57.696320     2     0.859904       3.132864        1.836928         67.10    9.90
   57.696320     3  2353.445801       3.168992        1.514912          0.02    0.02
   57.696320     4   533.176697       6.164224        1.573120          0.11    0.11
   57.696320     5     7.925760       3.088576        1.524384          7.28    4.60
CPU_time(ms) Kernel GPU_time(ms) TransferIn(ms) TransferOut(ms) Speedup_noTrf Speedup
   52.380062     0     0.000000       0.000000        0.000000           inf     inf
   52.380062     1     1.198560       4.313088        7.019552         43.70    4.18
   52.380062     2     0.860352       3.167648        1.807488         60.88    8.98
   52.380062     3  2353.153076       3.731808        1.552160          0.02    0.02
   52.380062     4   533.182434       4.016352        1.601344          0.10    0.10
   52.380062     5     7.925920       3.212608        1.892192          6.61    4.02
CPU_time(ms) Kernel GPU_time(ms) TransferIn(ms) TransferOut(ms) Speedup_noTrf Speedup
   53.472862     0     0.000000       0.000000        0.000000           inf     inf
   53.472862     1     1.205312       8.919424        9.741952         44.36    2.69
   53.472862     2     0.858432       3.110272        1.704704         62.29    9.43
   53.472862     3  2353.479736       3.141824        1.520224          0.02    0.02
   53.472862     4   533.451477       3.121536        1.522592          0.10    0.10
   53.472862     5     7.927744       3.130912        1.889952          6.75    4.13
CPU_time(ms) Kernel GPU_time(ms) TransferIn(ms) TransferOut(ms) Speedup_noTrf Speedup
   69.381760     0     0.000000       0.000000        0.000000           inf     inf
   69.381760     1     1.204224       9.252480        9.927808         57.62    3.40
   69.381760     2     0.858400       3.108544        1.771552         80.83   12.09
   69.381760     3  2353.235352       7.258624        1.517664          0.03    0.03
   69.381760     4   532.813843       3.167584        1.521472          0.13    0.13
   69.381760     5     7.923456       3.108320        1.741920          8.76    5.43
CPU_time(ms) Kernel GPU_time(ms) TransferIn(ms) TransferOut(ms) Speedup_noTrf Speedup
   71.522430     0     0.000000       0.000000        0.000000           inf     inf
   71.522430     1     1.204352       9.334784       10.768544         59.39    3.36
   71.522430     2     0.859232       3.127776        1.748544         83.24   12.47
   71.522430     3  2353.279053       3.162976        1.559232          0.03    0.03
   71.522430     4   533.076904       3.140320        1.645280          0.13    0.13
   71.522430     5     7.937504       6.112704        4.877600          9.01    3.78
CPU_time(ms) Kernel GPU_time(ms) TransferIn(ms) TransferOut(ms) Speedup_noTrf Speedup
   54.053410     0     0.000000       0.000000        0.000000           inf     inf
   54.053410     1     1.202688       8.719904        9.766656         44.94    2.75
   54.053410     2     0.874496       7.259264        5.004384         61.81    4.11
   54.053410     3  2353.522461       7.301856        1.584544          0.02    0.02
   54.053410     4   533.155396       6.090496        1.603904          0.10    0.10
   54.053410     5     7.937216       6.101280        4.224512          6.81    2.96
CPU_time(ms) Kernel GPU_time(ms) TransferIn(ms) TransferOut(ms) Speedup_noTrf Speedup
   54.906879     0     0.000000       0.000000        0.000000           inf     inf
   54.906879     1     1.203616       6.713728       11.976192         45.62    2.76
   54.906879     2     0.862016       3.242240        1.997792         63.70    9.00
   54.906879     3  2353.159668       3.882080        1.587584          0.02    0.02
   54.906879     4   532.992310       4.499520        1.609280          0.10    0.10
   54.906879     5     7.940096       6.756864        4.689408          6.92    2.83
CPU_time(ms) Kernel GPU_time(ms) TransferIn(ms) TransferOut(ms) Speedup_noTrf Speedup
   54.746113     0     0.000000       0.000000        0.000000           inf     inf
   54.746113     1     1.198080       4.298656        7.373504         45.69    4.25
   54.746113     2     0.858208       3.175712        1.975616         63.79    9.11
   54.746113     3  2353.241211       7.274784        1.575264          0.02    0.02
   54.746113     4   533.369080       3.267200        1.609184          0.10    0.10
   54.746113     5     7.923936       3.169472        1.881568          6.91    4.22
CPU_time(ms) Kernel GPU_time(ms) TransferIn(ms) TransferOut(ms) Speedup_noTrf Speedup
   55.068802     0     0.000000       0.000000        0.000000           inf     inf
   55.068802     1     1.206272      10.844352       10.731392         45.65    2.42
   55.068802     2     0.861856       3.294240        2.200960         63.90    8.66
   55.068802     3  2353.108398       4.083424        1.598752          0.02    0.02
   55.068802     4   533.174316       6.156576        1.606272          0.10    0.10
   55.068802     5     7.953728       6.860800        4.684544          6.92    2.82
CPU_time(ms) Kernel GPU_time(ms) TransferIn(ms) TransferOut(ms) Speedup_noTrf Speedup
   56.537727     0     0.000000       0.000000        0.000000           inf     inf
   56.537727     1     1.197632       4.030464        6.271072         47.21    4.92
   56.537727     2     0.860640       3.132736        1.822368         65.69    9.72
   56.537727     3  2353.188965       7.285728        1.572320          0.02    0.02
   56.537727     4   532.890137       3.148096        1.529024          0.11    0.11
   56.537727     5     7.939264       6.132480        4.236512          7.12    3.09
CPU_time(ms) Kernel GPU_time(ms) TransferIn(ms) TransferOut(ms) Speedup_noTrf Speedup
   61.931423     0     0.000000       0.000000        0.000000           inf     inf
   61.931423     1     1.198016       4.417536        7.205152         51.69    4.83
   61.931423     2     0.859456       3.153440        1.956544         72.06   10.37
   61.931423     3  2353.110596       3.177248        1.562528          0.03    0.03
   61.931423     4   534.380798       3.125888        1.527808          0.12    0.11
   61.931423     5     7.923520       3.104128        1.600768          7.82    4.90
CPU_time(ms) Kernel GPU_time(ms) TransferIn(ms) TransferOut(ms) Speedup_noTrf Speedup
   72.357887     0     0.000000       0.000000        0.000000           inf     inf
   72.357887     1     1.199104       4.529600        7.567104         60.34    5.44
   72.357887     2     0.876544       7.303104        4.991456         82.55    5.49
   72.357887     3  2353.526855       7.318304        1.495296          0.03    0.03
   72.357887     4   533.272461       3.124160        1.582880          0.14    0.13
   72.357887     5     7.939840       6.751648        4.656064          9.11    3.74
CPU_time(ms) Kernel GPU_time(ms) TransferIn(ms) TransferOut(ms) Speedup_noTrf Speedup
   56.543232     0     0.000000       0.000000        0.000000           inf     inf
   56.543232     1     1.197472       4.284448        7.334976         47.22    4.41
   56.543232     2     0.859744       3.175840        1.984256         65.77    9.39
   56.543232     3  2353.262695       7.285728        1.555424          0.02    0.02
   56.543232     4   533.077698       6.146656        1.626656          0.11    0.10
   56.543232     5     7.924608       3.162816        1.849344          7.14    4.37
CPU_time(ms) Kernel GPU_time(ms) TransferIn(ms) TransferOut(ms) Speedup_noTrf Speedup
   56.705025     0     0.000000       0.000000        0.000000           inf     inf
   56.705025     1     1.198080       4.369472        7.181056         47.33    4.45
   56.705025     2     0.875968       7.316768        5.026880         64.73    4.29
   56.705025     3  2353.629150       7.310112        1.532768          0.02    0.02
   56.705025     4   533.062683       6.184832        1.629344          0.11    0.10
   56.705025     5     7.923264       3.149120        1.739808          7.16    4.43
CPU_time(ms) Kernel GPU_time(ms) TransferIn(ms) TransferOut(ms) Speedup_noTrf Speedup
   69.564796     0     0.000000       0.000000        0.000000           inf     inf
   69.564796     1     1.197120       3.928704        6.170272         58.11    6.16
   69.564796     2     0.858144       3.136960        1.770880         81.06   12.06
   69.564796     3  2353.190186       7.742304        1.530656          0.03    0.03
   69.564796     4   533.026917       4.269888        1.622208          0.13    0.13
   69.564796     5     7.923520       3.106976        1.619200          8.78    5.50
CPU_time(ms) Kernel GPU_time(ms) TransferIn(ms) TransferOut(ms) Speedup_noTrf Speedup
   58.772766     0     0.000000       0.000000        0.000000           inf     inf
   58.772766     1     1.204352       9.365504       10.150816         48.80    2.84
   58.772766     2     0.859968       3.143584        1.905344         68.34    9.95
   58.772766     3  2353.735107       7.491392        1.604768          0.02    0.02
   58.772766     4   533.454834       7.471712        1.616704          0.11    0.11
   58.772766     5     7.938912       6.515040        4.515200          7.40    3.10
CPU_time(ms) Kernel GPU_time(ms) TransferIn(ms) TransferOut(ms) Speedup_noTrf Speedup
   51.257343     0     0.000000       0.000000        0.000000           inf     inf
   51.257343     1     1.204416       8.564800        9.737152         42.56    2.63
   51.257343     2     0.868960       3.124128        1.604704         58.99    9.16
   51.257343     3  2353.518555       3.200576        1.555296          0.02    0.02
   51.257343     4   533.217285       3.166880        1.549600          0.10    0.10
   51.257343     5     7.927648       3.152576        1.616416          6.47    4.04
CPU_time(ms) Kernel GPU_time(ms) TransferIn(ms) TransferOut(ms) Speedup_noTrf Speedup
   62.695423     0     0.000000       0.000000        0.000000           inf     inf
   62.695423     1     1.204224      10.329504       11.228736         52.06    2.75
   62.695423     2     0.877984       8.014464        6.343168         71.41    4.12
   62.695423     3  2353.264648       3.195808        1.635808          0.03    0.03
   62.695423     4   533.035034       3.130496        1.651872          0.12    0.12
   62.695423     5     7.938592       7.031552        5.500992          7.90    3.06
CPU_time(ms) Kernel GPU_time(ms) TransferIn(ms) TransferOut(ms) Speedup_noTrf Speedup
   53.491489     0     0.000000       0.000000        0.000000           inf     inf
   53.491489     1     1.208320      10.864800       10.692000         44.27    2.35
   53.491489     2     0.858272       3.178176        1.702400         62.32    9.32
   53.491489     3  2353.297119       3.175264        1.528672          0.02    0.02
   53.491489     4   533.231628       3.994336        1.623712          0.10    0.10
   53.491489     5     7.924192       3.176384        1.948512          6.75    4.10
